152.957
152.945
152.909
152.849
152.766
152.658
152.527
152.371
152.191
151.987
151.759
151.507
151.23
150.929
150.603
150.252
149.877
149.476
149.051
148.6
148.125
147.624
147.097
146.545
145.967
145.364
144.734
144.079
143.397
142.689
141.955
141.194
140.407
139.594
138.753
137.887
136.993
136.073
135.126
134.153
133.153
132.127
131.074
129.996
128.891
127.761
126.606
125.426
124.221
122.992
121.739
120.464
119.165
117.845
116.505
115.144
113.763
112.365
110.949
109.517
108.07
106.61
105.137
103.653
102.16
100.66
99.1527
97.6414
96.1275
94.6128
93.0991
91.5884
90.0827
88.5839
87.0939
85.6149
84.1489
82.6978
81.2637
79.8485
78.4542
77.0826
75.7357
74.4151
73.1226
71.8598
70.6284
69.4297
68.2651
67.1359
66.0433
64.9884
63.972
62.995
62.0582
61.1621
60.3074
59.4943
58.7231
57.9941
57.3072
56.6625
56.0599
55.499
54.9797
54.5014
54.0637
53.6661
53.3078
52.9882
52.7066
52.462
52.2536
52.0806
51.9418
51.8364
51.7632
51.7213
51.7094
51.7265
51.7714
51.843
51.9402
52.0617
52.2064
52.3732
52.5608
52.7682
52.9941
53.2374
53.4971
53.772
54.061
54.3631
54.6771
55.0022
55.3372
55.6812
56.0332
56.3924
56.7577
57.1284
57.5036
57.8825
58.2643
58.6482
59.0336
59.4196
59.8057
60.1912
60.5755
60.958
61.3381
61.7154
62.0892
62.4593
62.825
63.186
63.5419
63.8923
64.2369
64.5753
64.9072
65.2325
65.5507
65.8618
66.1655
66.4615
66.7498
67.0302
67.3025
67.5667
67.8226
68.0702
68.3094
68.5402
68.7625
68.9763
69.1817
69.3786
69.5671
69.7471
69.9188
70.0822
70.2374
70.3844
70.5234
70.6544
70.7775
70.8928
71.0005
71.1007
71.1934
71.2789
71.3572
71.4285
71.493
71.5507
71.6019
71.6467
71.6852
71.7177
71.7442
71.7649
71.78
71.7897
71.7942
71.7935
71.7879
71.7776
71.7628
71.7436
71.7201
71.6927
71.6613
71.6264
71.5879
71.5462
71.5013
71.4535
71.4029
71.3498
71.2942
71.2365
71.1767
71.115
71.0517
70.9869
70.9207
70.8533
70.785
70.7158
70.6459
70.5756
70.5049
70.434
70.3632
70.2924
70.222
70.152
70.0826
70.014
69.9462
69.8795
69.8139
69.7497
69.6869
69.6256
69.566
69.5082
69.4524
69.3986
69.3469
69.2975
69.2505
69.2058
69.1637
69.1242
69.0874
69.0534
69.0222
68.9938
68.9684
68.946
68.9267
68.9103
68.8971
68.887
68.88
68.8761
68.8754
68.8778
68.8834
68.8921
68.9039
68.9188
68.9367
68.9577
68.9817
69.0086
69.0384
69.0711
69.1066
69.1448
69.1857
69.2292
69.2752
69.3237
69.3746
69.4279
69.4833
69.5409
69.6006
69.6622
69.7258
69.7911
69.8582
69.9269
69.9971
70.0687
70.1417
70.216
70.2915
70.3681
70.4457
70.5243
70.6037
70.6839
70.7649
70.8465
70.9287
71.0114
71.0946
71.1782
71.2622
71.3465
71.4311
71.516
71.6011
71.6864
71.7719
71.8575
71.9432
72.0291
72.1151
72.2013
72.2875
72.3739
72.4604
72.5471
72.6339
72.7209
72.8082
72.8956
72.9833
73.0712
73.1595
73.2481
73.337
73.4263
73.5159
73.606
73.6966
73.7876
73.8792
73.9712
74.0637
74.1568
74.2505
74.3446
74.4394
74.5346
74.6304
74.7268
74.8236
74.921
75.0188
75.1171
75.2158
75.315
75.4144
75.5142
75.6143
75.7145
75.815
75.9157
76.0164
76.1172
76.218
76.3187
76.4193
76.5197
76.62
76.7199
76.8195
76.9187
77.0175
77.1158
77.2135
77.3106
77.4071
77.5028
77.5977
77.6917
77.7849
77.8772
77.9684
78.0586
78.1477
78.2356
78.3223
78.4078
78.492
78.5748
78.6563
78.7363
78.8149
78.8919
78.9674
79.0414
79.1137
79.1843
79.2533
79.3206
79.3861
79.4499
79.512
79.5722
79.6306
79.6873
79.7421
79.795
79.8461
79.8953
79.9427
79.9882
80.0319
80.0738
80.1137
80.1519
80.1882
80.2227
80.2553
80.2862
80.3153
80.3427
80.3683
80.3921
80.4143
80.4348
80.4536
80.4708
80.4864
80.5004
80.5129
80.5239
80.5333
80.5414
80.548
80.5532
80.5571
80.5597
80.5609
80.561
80.5598
80.5575
80.554
80.5495
80.5438
80.5372
80.5296
80.521
80.5115
80.5011
80.4899
80.4779
80.465
80.4515
80.4372
80.4222
80.4066
80.3903
80.3734
80.356
80.338
80.3195
80.3004
80.2809
80.2609
80.2405
80.2197
80.1984
80.1768
80.1549
80.1326
80.11
80.087
80.0638
80.0404
80.0166
79.9927
79.9685
79.9441
79.9195
79.8948
79.8699
79.8448
79.8196
79.7943
79.769
79.7435
79.718
79.6924
79.6667
79.6411
79.6154
79.5896
79.5639
79.5382
79.5124
79.4867
79.461
79.4354
79.4097
79.3841
79.3585
79.333
79.3075
79.2821
79.2567
79.2313
79.206
79.1808
79.1556
79.1305
79.1055
79.0806
79.0557
79.031
79.0064
78.9819
78.9576
78.9334
78.9095
78.8857
78.8621
78.8388
78.8157
78.793
78.7705
78.7484
78.7266
78.7052
78.6842
78.6636
78.6436
78.624
78.6049
78.5865
78.5686
78.5513
78.5347
78.5188
78.5036
78.4892
78.4755
78.4626
78.4506
78.4394
78.4291
78.4197
78.4113
78.4037
78.3972
78.3916
78.3871
78.3835
78.381
78.3795
78.3791
78.3797
78.3813
78.3841
78.3879
78.3927
78.3986
78.4056
78.4137
78.4228
78.4329
78.4441
78.4563
78.4695
78.4837
78.4988
78.515
78.5321
78.5501
78.569
78.5889
78.6096
78.6311
78.6535
78.6766
78.7005
78.7252
78.7505
78.7765
78.8032
78.8304
78.8582
78.8866
78.9154
78.9447
78.9744
79.0045
79.0349
79.0656
79.0966
79.1278
79.1592
79.1907
79.2223
79.2541
79.2858
79.3176
79.3493
79.381
79.4125
79.444
79.4752
79.5063
79.5372
79.5678
79.5981
79.6281
79.6578
79.6871
79.716
79.7446
79.7726
79.8002
79.8274
79.854
79.88
79.9056
79.9305
79.9549
79.9786
80.0017
80.0241
80.0458
80.0668
80.0871
80.1067
80.1255
80.1436
80.1609
80.1773
80.193
80.2078
80.2217
80.2348
80.247
80.2583
80.2687
80.2781
80.2867
80.2943
80.3009
80.3066
80.3113
80.3151
80.3178
80.3196
80.3203
80.3201
80.3188
80.3165
80.3132
80.3089
80.3036
80.2973
80.2899
80.2816
80.2723
80.2619
80.2507
80.2384
80.2252
80.2111
80.196
80.1801
80.1633
80.1457
80.1273
80.108
80.0881
80.0674
80.0461
80.0241
80.0016
79.9785
79.9549
79.9309
79.9066
79.8819
79.8569
79.8317
79.8064
79.781
79.7556
79.7302
79.7049
79.6799
79.6551
79.6307
79.6066
79.5831
79.5601
79.5377
79.516
79.4951
79.4749
79.4557
79.4374
79.4201
79.4039
79.3888
79.3749
79.3622
79.3507
79.3405
79.3316
79.324
79.3178
79.313
79.3096
79.3075
79.3069
79.3077
79.3098
79.3133
79.3182
79.3245
79.332
79.3409
79.351
79.3623
79.3748
79.3885
79.4033
79.4192
79.4361
79.454
79.4729
79.4927
79.5134
79.5349
79.5573
79.5803
79.6041
79.6286
79.6536
79.6793
79.7055
79.7322
79.7593
79.7869
79.8149
79.8432
79.8718
79.9007
79.9297
79.959
79.9884
80.0179
80.0475
80.0771
80.1066
80.1361
80.1655
80.1948
80.2238
80.2526
80.2812
80.3094
80.3373
80.3649
80.3919
80.4185
80.4446
80.4702
80.4951
80.5195
80.5432
80.5662
80.5886
80.6102
80.631
80.6511
80.6704
80.6889
80.7066
80.7234
80.7395
80.7546
80.769
80.7825
80.7952
80.8071
80.8181
80.8284
80.8378
80.8465
80.8545
80.8618
80.8684
80.8743
80.8796
80.8844
80.8886
80.8923
80.8955
80.8984
80.9008
80.9029
80.9047
80.9063
80.9076
80.9088
80.9098
80.9107
80.9116
80.9125
80.9134
80.9143
80.9154
80.9165
80.9179
80.9194
80.9211
80.9231
80.9253
80.9278
80.9307
80.9338
80.9373
80.9412
80.9454
80.9501
80.9551
80.9606
80.9664
80.9727
80.9794
80.9866
80.9941
81.0022
81.0106
81.0195
81.0288
81.0385
81.0486
81.0592
81.0702
81.0816
81.0934
81.1055
81.118
81.1309
81.1442
81.1577
81.1716
81.1858
81.2003
81.215
81.23
81.2451
81.2605
81.2761
81.2917
81.3076
81.3234
81.3394
81.3553
81.3713
81.3872
81.403
81.4187
81.4343
81.4497
81.4648
81.4797
81.4943
81.5086
81.5224
81.5359
81.5489
81.5615
81.5735
81.585
81.5958
81.606
81.6156
81.6245
81.6326
81.64
81.6467
81.6525
81.6576
81.6618
81.6651
81.6676
81.6693
81.6701
81.67
81.669
81.6671
81.6644
81.6608
81.6563
81.6509
81.6447
81.6376
81.6297
81.621
81.6115
81.6012
81.5901
81.5782
81.5656
81.5523
81.5383
81.5236
81.5082
81.4921
81.4755
81.4582
81.4403
81.4219
81.4029
81.3834
81.3634
81.3428
81.3218
81.3004
81.2785
81.2561
81.2334
81.2103
81.1868
81.1629
81.1387
81.1142
81.0894
81.0643
81.0389
81.0132
80.9873
80.9612
80.9349
80.9084
80.8818
80.855
80.8281
80.8011
80.774
80.7469
80.7197
80.6925
80.6653
80.6381
80.6109
80.5839
80.5569
80.53
80.5032
80.4766
80.4502
80.4239
80.3978
80.372
80.3464
80.321
80.2959
80.271
80.2465
80.2222
80.1983
80.1746
80.1513
80.1283
80.1057
80.0834
80.0615
80.0399
80.0186
79.9977
79.9772
79.957
79.9372
79.9177
79.8986
79.8798
79.8614
79.8432
79.8255
79.808
79.7909
79.774
79.7575
79.7413
79.7254
79.7098
79.6945
79.6795
79.6648
79.6503
79.6361
79.6222
79.6086
79.5953
79.5823
79.5695
79.5571
79.545
79.5333
79.5218
79.5107
79.5
79.4897
79.4798
79.4703
79.4612
79.4526
79.4446
79.437
79.43
79.4235
79.4176
79.4124
79.4078
79.4039
79.4006
79.3981
79.3963
79.3953
79.3951
79.3956
79.3969
79.3991
79.4021
79.4059
79.4105
79.416
79.4223
79.4294
79.4374
79.4461
79.4557
79.466
79.4771
79.4889
79.5014
79.5147
79.5285
79.543
79.5581
79.5738
79.59
79.6068
79.624
79.6416
79.6596
79.678
79.6967
79.7157
79.7349
79.7544
79.774
79.7938
79.8137
79.8337
79.8536
79.8736
79.8935
79.9134
79.9331
79.9527
79.9721
79.9913
80.0103
80.029
80.0473
80.0653
80.083
80.1002
80.117
80.1334
80.1492
80.1645
80.1793
80.1934
80.207
80.2199
80.2321
80.2437
80.2545
80.2646
80.2739
80.2825
80.2902
80.2971
80.3032
80.3084
80.3127
80.3161
80.3186
80.3202
80.3209
80.3207
80.3195
80.3173
80.3143
80.3103
80.3053
80.2995
80.2927
80.285
80.2764
80.267
80.2567
80.2456
80.2337
80.221
80.2076
80.1935
80.1787
80.1633
80.1472
80.1307
80.1136
80.0962
80.0783
80.06
80.0415
80.0227
80.0037
79.9846
79.9654
79.9461
79.9269
79.9077
79.8887
79.8698
79.8511
79.8327
79.8145
79.7967
79.7793
79.7623
79.7457
79.7297
79.7141
79.6991
79.6846
79.6708
79.6576
79.645
79.6331
79.6219
79.6113
79.6015
79.5924
79.5841
79.5764
79.5696
79.5635
79.5582
79.5537
79.55
79.5471
79.545
79.5436
79.5431
79.5434
79.5445
79.5464
79.5491
79.5526
79.557
79.5621
79.5681
79.5749
79.5825
79.5909
79.6001
79.6101
79.6209
79.6325
79.6448
79.6579
79.6717
79.6862
79.7015
79.7174
79.734
79.7513
79.7692
79.7877
79.8067
79.8263
79.8464
79.8669
79.8879
79.9093
79.931
79.9529
79.9752
79.9976
80.0202
80.0429
80.0656
80.0884
80.1111
80.1338
80.1562
80.1786
80.2006
80.2224
80.2439
80.265
80.2857
80.3059
80.3257
80.3449
80.3636
80.3817
80.3992
80.416
80.4323
80.4478
80.4626
80.4768
80.4902
80.503
80.515
80.5263
80.5368
80.5467
80.5558
80.5642
80.5719
80.5788
80.5852
80.5908
80.5958
80.6001
80.6038
80.607
80.6095
80.6115
80.6129
80.6138
80.6142
80.6142
80.6137
80.6128
80.6114
80.6097
80.6077
80.6053
80.6027
80.5998
80.5966
80.5932
80.5896
80.5858
80.5819
80.5779
80.5738
80.5697
80.5654
80.5612
80.5569
80.5527
80.5485
80.5443
80.5402
80.5362
80.5322
80.5284
80.5247
80.5212
80.5177
80.5145
80.5113
80.5083
80.5055
80.5028
80.5003
80.4979
80.4956
80.4935
80.4915
80.4897
80.4879
80.4862
80.4846
80.4831
80.4817
80.4802
80.4789
80.4775
80.4761
80.4747
80.4733
80.4718
80.4703
80.4687
80.467
80.4652
80.4633
80.4613
80.4591
80.4568
80.4544
80.4518
80.4491
80.4461
80.4431
80.4398
80.4364
80.4329
80.4292
80.4253
80.4213
80.4172
80.4129
80.4086
80.4041
80.3995
80.3948
80.3901
80.3854
80.3806
80.3758
80.371
80.3663
80.3616
80.357
80.3524
80.348
80.3437
80.3395
80.3354
80.3316
80.3279
80.3244
80.3212
80.3182
80.3155
80.313
80.3109
80.3091
80.3075
80.3063
80.3055
80.305
80.3049
80.3052
80.3059
80.307
80.3084
80.3103
80.3127
80.3154
80.3185
80.3221
80.3262
80.3306
80.3356
80.3409
80.3467
80.3529
80.3596
80.3667
80.3742
80.3822
80.3906
80.3994
80.4086
80.4181
80.4281
80.4385
80.4492
80.4603
80.4717
80.4835
80.4956
80.508
80.5206
80.5336
80.5468
80.5602
80.5739
80.5877
80.6017
80.6158
80.63
80.6444
80.6588
80.6732
80.6876
80.702
80.7163
80.7305
80.7447
80.7586
80.7723
80.7858
80.799
80.8119
80.8245
80.8367
80.8484
80.8597
80.8706
80.8809
80.8906
80.8997
80.9083
80.9161
80.9233
80.9298
80.9356
80.9406
80.9448
80.9482
80.9508
80.9526
80.9536
80.9537
80.953
80.9514
80.949
80.9457
80.9415
80.9366
80.9307
80.9241
80.9167
80.9085
80.8995
80.8897
80.8793
80.8682
80.8563
80.8439
80.8308
80.8171
80.8029
80.7881
80.7728
80.7571
80.7409
80.7244
80.7074
80.6901
80.6725
80.6546
80.6364
80.618
80.5993
80.5805
80.5614
80.5422
80.5229
80.5033
80.4837
80.4639
80.4439
80.4239
80.4037
80.3834
80.3629
80.3423
80.3216
80.3007
80.2797
80.2585
80.2371
80.2155
80.1938
80.1718
80.1497
80.1273
80.1046
80.0818
80.0587
80.0353
80.0117
79.9878
79.9637
79.9394
79.9148
79.8899
79.8649
79.8396
79.8141
79.7885
79.7626
79.7366
79.7106
79.6844
79.6581
79.6318
79.6055
79.5793
79.5531
79.5269
79.501
79.4752
79.4496
79.4243
79.3993
79.3746
79.3503
79.3264
79.303
79.2801
79.2577
79.2359
79.2147
79.1942
79.1744
79.1553
79.1369
79.1193
79.1025
79.0866
79.0715
79.0573
79.0439
79.0315
79.02
79.0094
78.9998
78.9912
78.9835
78.9767
78.9709
78.966
78.9621
78.9592
78.9571
78.956
78.9558
78.9565
78.9581
78.9605
78.9638
78.9679
78.9728
78.9785
78.9849
78.992
78.9999
79.0084
79.0176
79.0274
79.0378
79.0488
79.0604
79.0725
79.0851
79.0982
79.1117
79.1257
79.1401
79.1549
79.1701
79.1856
79.2015
79.2178
79.2343
79.2512
79.2683
79.2857
79.3034
79.3214
79.3396
79.358
79.3766
79.3955
79.4146
79.4339
79.4534
79.4731
79.493
79.5131
79.5335
79.554
79.5747
79.5956
79.6167
79.638
79.6596
79.6813
79.7033
79.7256
79.748
79.7707
79.7937
79.8169
79.8404
79.8641
79.8882
79.9125
79.9371
79.962
79.9872
80.0127
80.0385
80.0646
80.091
80.1177
80.1447
80.1721
80.1997
80.2276
80.2558
80.2843
80.313
80.342
80.3712
80.4007
80.4303
80.4601
80.4901
80.5202
80.5504
80.5807
80.6111
80.6415
80.6719
80.7023
80.7326
80.7628
80.7929
80.8229
80.8526
80.8822
80.9115
80.9406
80.9693
80.9978
81.0258
81.0535
81.0808
81.1076
81.1339
81.1597
81.185
81.2098
81.234
81.2577
81.2807
81.3031
81.3249
81.346
81.3665
81.3862
81.4053
81.4237
81.4414
81.4583
81.4745
81.4899
81.5046
81.5186
81.5317
81.5442
81.5558
81.5667
81.5769
81.5862
81.5948
81.6026
81.6096
81.6158
81.6213
81.6259
81.6298
81.6329
81.6352
81.6367
81.6374
81.6374
81.6365
81.6349
81.6324
81.6292
81.6252
81.6204
81.6149
81.6085
81.6014
81.5935
81.5848
81.5754
81.5652
81.5542
81.5425
81.53
81.5168
81.5028
81.4881
81.4726
81.4565
81.4396
81.4221
81.4038
81.3849
81.3654
81.3451
81.3243
81.3028
81.2808
81.2582
81.235
81.2112
81.1869
81.1622
81.1369
81.1112
81.085
81.0584
81.0313
81.0039
80.976
80.9477
80.9191
80.8901
80.8607
80.8309
80.8008
80.7703
80.7395
80.7083
80.6767
80.6448
80.6125
80.5798
80.5468
80.5134
80.4796
80.4454
80.4108
80.3758
80.3405
80.3048
80.2687
80.2322
80.1953
80.1581
80.1206
80.0828
80.0446
80.0062
79.9675
79.9287
79.8896
79.8503
79.8109
79.7714
79.7319
79.6924
79.6528
79.6134
79.5741
79.5349
79.496
79.4574
79.4191
79.3812
79.3437
79.3067
79.2702
79.2344
79.1993
79.1648
79.1312
79.0984
79.0666
79.0357
79.0059
78.9771
78.9495
78.9231
78.898
78.8742
78.8517
78.8306
78.811
78.7928
78.7762
78.7611
78.7475
78.7356
78.7252
78.7165
78.7094
78.7039
78.7
78.6977
78.6971
78.698
78.7005
78.7045
78.7101
78.7171
78.7256
78.7355
78.7468
78.7594
78.7733
78.7886
78.805
78.8227
78.8415
78.8614
78.8824
78.9044
78.9275
78.9514
78.9763
79.0021
79.0286
79.056
79.084
79.1127
79.142
79.172
79.2024
79.2333
79.2647
79.2963
79.3283
79.3606
79.393
79.4255
79.4581
79.4907
79.5233
79.5557
79.5879
79.6199
79.6515
79.6828
79.7136
79.744
79.7738
79.8031
79.8317
79.8596
79.8869
79.9133
79.939
79.9639
79.9879
80.0111
80.0334
80.0548
80.0753
80.0949
80.1136
80.1314
80.1483
80.1643
80.1795
80.1938
80.2072
80.2199
80.2317
80.2428
80.2532
80.2629
80.272
80.2805
80.2884
80.2957
80.3026
80.309
80.3151
80.3208
80.3262
80.3313
80.3363
80.3411
80.3457
80.3503
80.3549
80.3595
80.3641
80.3689
80.3738
80.3788
80.3841
80.3896
80.3954
80.4014
80.4078
80.4145
80.4215
80.4289
80.4366
80.4447
80.4531
80.4619
80.4711
80.4805
80.4903
80.5004
80.5108
80.5214
80.5323
80.5434
80.5547
80.5661
80.5777
80.5894
80.6012
80.6131
80.6249
80.6368
80.6486
80.6604
80.6721
80.6837
80.6952
80.7066
80.7178
80.7289
80.7397
80.7505
80.761
80.7713
80.7814
80.7914
80.8011
80.8107
80.8201
80.8293
80.8383
80.8472
80.856
80.8646
80.8731
80.8815
80.8899
80.8982
80.9064
80.9146
80.9228
80.9309
80.9391
80.9473
80.9556
80.9639
80.9723
80.9808
80.9894
80.9981
81.0069
81.0159
81.025
81.0342
81.0436
81.0532
81.0629
81.0728
81.0828
81.093
81.1033
81.1138
81.1244
81.1351
81.146
81.157
81.168
81.1792
81.1904
81.2016
81.2129
81.2242
81.2354
81.2467
81.2578
81.2689
81.2799
81.2907
81.3014
81.3119
81.3221
81.3322
81.3419
81.3514
81.3605
81.3693
81.3777
81.3857
81.3933
81.4004
81.4071
81.4132
81.4188
81.4239
81.4284
