0
-307.893
-307.857
-307.798
-307.714
-307.606
-307.475
-307.319
-307.139
-306.936
-306.707
-306.455
-306.178
-305.877
-305.551
-305.2
-304.825
-304.425
-303.999
-303.549
-303.073
-302.572
-302.045
-301.493
-300.916
-300.312
-299.683
-299.027
-298.345
-297.638
-296.903
-296.143
-295.356
-294.542
-293.702
-292.835
-291.942
-291.022
-290.075
-289.102
-288.102
-287.076
-286.023
-284.945
-283.84
-282.71
-281.555
-280.374
-279.17
-277.94
-276.688
-275.412
-274.114
-272.794
-271.453
-270.092
-268.712
-267.313
-265.897
-264.465
-263.018
-261.558
-260.085
-258.601
-257.108
-255.607
-254.1
-252.589
-251.075
-249.56
-248.046
-246.536
-245.03
-243.531
-242.041
-240.562
-239.095
-237.644
-236.21
-234.795
-233.4
-232.029
-230.681
-229.361
-228.068
-226.805
-225.574
-224.375
-223.21
-222.081
-220.988
-219.933
-218.917
-217.94
-217.003
-216.107
-215.252
-214.439
-213.668
-212.939
-212.252
-211.607
-211.005
-210.444
-209.925
-209.446
-209.009
-208.611
-208.253
-207.933
-207.652
-207.407
-207.199
-207.026
-206.887
-206.782
-206.709
-206.667
-206.655
-206.672
-206.717
-206.789
-206.886
-207.008
-207.152
-207.319
-207.507
-207.714
-207.94
-208.184
-208.444
-208.718
-209.008
-209.31
-209.624
-209.949
-210.284
-210.628
-210.98
-211.339
-211.705
-212.075
-212.451
-212.83
-213.211
-213.595
-213.981
-214.367
-214.753
-215.139
-215.523
-215.905
-216.286
-216.663
-217.037
-217.407
-217.773
-218.134
-218.489
-218.84
-219.184
-219.523
-219.855
-220.18
-220.498
-220.809
-221.113
-221.409
-221.697
-221.978
-222.25
-222.514
-222.77
-223.018
-223.257
-223.488
-223.71
-223.924
-224.129
-224.326
-224.515
-224.695
-224.866
-225.03
-225.185
-225.332
-225.471
-225.602
-225.725
-225.84
-225.948
-226.048
-226.141
-226.226
-226.305
-226.376
-226.441
-226.498
-226.549
-226.594
-226.633
-226.665
-226.692
-226.712
-226.727
-226.737
-226.742
-226.741
-226.735
-226.725
-226.71
-226.691
-226.667
-226.64
-226.609
-226.574
-226.535
-226.493
-226.449
-226.401
-226.35
-226.297
-226.241
-226.184
-226.124
-226.062
-225.999
-225.934
-225.868
-225.8
-225.732
-225.663
-225.593
-225.523
-225.452
-225.381
-225.31
-225.24
-225.169
-225.099
-225.03
-224.961
-224.893
-224.827
-224.761
-224.697
-224.634
-224.573
-224.513
-224.455
-224.399
-224.346
-224.294
-224.244
-224.197
-224.153
-224.111
-224.071
-224.034
-224
-223.969
-223.941
-223.915
-223.893
-223.874
-223.857
-223.844
-223.834
-223.827
-223.823
-223.822
-223.825
-223.83
-223.839
-223.851
-223.866
-223.884
-223.905
-223.929
-223.956
-223.985
-224.018
-224.054
-224.092
-224.133
-224.176
-224.222
-224.271
-224.322
-224.375
-224.43
-224.488
-224.548
-224.609
-224.673
-224.738
-224.805
-224.874
-224.944
-225.016
-225.089
-225.163
-225.239
-225.315
-225.393
-225.471
-225.551
-225.631
-225.712
-225.794
-225.876
-225.958
-226.042
-226.125
-226.209
-226.294
-226.378
-226.463
-226.548
-226.633
-226.719
-226.805
-226.89
-226.976
-227.062
-227.148
-227.235
-227.321
-227.408
-227.494
-227.581
-227.668
-227.755
-227.843
-227.93
-228.018
-228.107
-228.195
-228.284
-228.373
-228.463
-228.553
-228.644
-228.735
-228.826
-228.918
-229.011
-229.104
-229.197
-229.292
-229.386
-229.482
-229.577
-229.674
-229.771
-229.868
-229.966
-230.064
-230.163
-230.262
-230.361
-230.461
-230.561
-230.662
-230.762
-230.863
-230.963
-231.064
-231.165
-231.266
-231.366
-231.467
-231.567
-231.667
-231.767
-231.866
-231.965
-232.063
-232.161
-232.258
-232.354
-232.45
-232.545
-232.639
-232.732
-232.824
-232.916
-233.006
-233.095
-233.183
-233.269
-233.355
-233.439
-233.522
-233.603
-233.683
-233.762
-233.839
-233.915
-233.988
-234.061
-234.131
-234.2
-234.268
-234.333
-234.397
-234.459
-234.519
-234.578
-234.634
-234.689
-234.742
-234.793
-234.842
-234.89
-234.935
-234.979
-235.021
-235.061
-235.099
-235.135
-235.17
-235.202
-235.233
-235.262
-235.29
-235.315
-235.339
-235.361
-235.382
-235.401
-235.418
-235.434
-235.448
-235.46
-235.471
-235.48
-235.488
-235.495
-235.5
-235.504
-235.507
-235.508
-235.508
-235.507
-235.505
-235.501
-235.497
-235.491
-235.484
-235.477
-235.468
-235.459
-235.448
-235.437
-235.425
-235.412
-235.399
-235.384
-235.369
-235.354
-235.337
-235.321
-235.303
-235.285
-235.267
-235.247
-235.228
-235.208
-235.188
-235.167
-235.145
-235.124
-235.102
-235.08
-235.057
-235.034
-235.011
-234.987
-234.964
-234.94
-234.916
-234.891
-234.867
-234.842
-234.817
-234.792
-234.767
-234.741
-234.716
-234.691
-234.665
-234.639
-234.614
-234.588
-234.562
-234.537
-234.511
-234.485
-234.459
-234.434
-234.408
-234.382
-234.357
-234.331
-234.306
-234.28
-234.255
-234.229
-234.204
-234.178
-234.153
-234.128
-234.103
-234.078
-234.053
-234.028
-234.003
-233.978
-233.953
-233.929
-233.905
-233.88
-233.857
-233.833
-233.809
-233.786
-233.763
-233.74
-233.718
-233.695
-233.674
-233.652
-233.631
-233.611
-233.591
-233.571
-233.552
-233.533
-233.516
-233.498
-233.482
-233.466
-233.451
-233.436
-233.423
-233.41
-233.398
-233.386
-233.376
-233.367
-233.358
-233.351
-233.344
-233.339
-233.334
-233.331
-233.328
-233.327
-233.326
-233.327
-233.328
-233.331
-233.335
-233.34
-233.346
-233.353
-233.361
-233.37
-233.38
-233.391
-233.403
-233.416
-233.431
-233.446
-233.462
-233.479
-233.497
-233.516
-233.536
-233.557
-233.578
-233.6
-233.624
-233.648
-233.672
-233.698
-233.724
-233.75
-233.777
-233.805
-233.834
-233.862
-233.892
-233.921
-233.952
-233.982
-234.013
-234.044
-234.075
-234.106
-234.138
-234.169
-234.201
-234.233
-234.265
-234.296
-234.328
-234.36
-234.391
-234.422
-234.453
-234.484
-234.515
-234.545
-234.575
-234.605
-234.634
-234.663
-234.692
-234.72
-234.747
-234.774
-234.801
-234.827
-234.853
-234.878
-234.902
-234.926
-234.949
-234.971
-234.993
-235.014
-235.034
-235.054
-235.073
-235.091
-235.108
-235.124
-235.14
-235.155
-235.169
-235.182
-235.194
-235.205
-235.216
-235.225
-235.234
-235.241
-235.248
-235.254
-235.258
-235.262
-235.265
-235.267
-235.267
-235.267
-235.266
-235.264
-235.26
-235.256
-235.251
-235.244
-235.237
-235.229
-235.219
-235.209
-235.198
-235.186
-235.172
-235.158
-235.143
-235.127
-235.11
-235.093
-235.074
-235.055
-235.035
-235.015
-234.993
-234.971
-234.949
-234.926
-234.902
-234.878
-234.854
-234.829
-234.804
-234.779
-234.753
-234.728
-234.703
-234.677
-234.652
-234.627
-234.602
-234.578
-234.554
-234.53
-234.507
-234.485
-234.463
-234.442
-234.422
-234.403
-234.384
-234.367
-234.351
-234.336
-234.322
-234.309
-234.298
-234.287
-234.279
-234.271
-234.265
-234.26
-234.257
-234.255
-234.254
-234.255
-234.257
-234.26
-234.265
-234.271
-234.279
-234.288
-234.298
-234.309
-234.322
-234.336
-234.35
-234.366
-234.383
-234.401
-234.42
-234.44
-234.46
-234.482
-234.504
-234.527
-234.551
-234.576
-234.601
-234.626
-234.653
-234.679
-234.706
-234.734
-234.762
-234.79
-234.819
-234.848
-234.877
-234.906
-234.935
-234.965
-234.995
-235.024
-235.054
-235.083
-235.113
-235.142
-235.171
-235.2
-235.228
-235.257
-235.284
-235.312
-235.339
-235.366
-235.392
-235.417
-235.442
-235.467
-235.49
-235.513
-235.536
-235.557
-235.578
-235.598
-235.618
-235.636
-235.654
-235.671
-235.687
-235.702
-235.716
-235.73
-235.742
-235.754
-235.765
-235.775
-235.785
-235.794
-235.802
-235.809
-235.815
-235.821
-235.827
-235.832
-235.836
-235.839
-235.843
-235.845
-235.848
-235.85
-235.852
-235.853
-235.855
-235.856
-235.857
-235.858
-235.859
-235.86
-235.86
-235.861
-235.862
-235.864
-235.865
-235.866
-235.868
-235.87
-235.872
-235.875
-235.878
-235.881
-235.884
-235.888
-235.893
-235.897
-235.902
-235.908
-235.913
-235.92
-235.926
-235.934
-235.941
-235.949
-235.958
-235.967
-235.976
-235.986
-235.996
-236.006
-236.017
-236.029
-236.04
-236.053
-236.065
-236.078
-236.091
-236.105
-236.119
-236.133
-236.147
-236.162
-236.177
-236.192
-236.208
-236.223
-236.239
-236.255
-236.271
-236.286
-236.302
-236.318
-236.334
-236.35
-236.366
-236.381
-236.397
-236.412
-236.427
-236.441
-236.456
-236.47
-236.483
-236.496
-236.509
-236.521
-236.532
-236.543
-236.553
-236.563
-236.572
-236.58
-236.587
-236.594
-236.6
-236.605
-236.609
-236.612
-236.615
-236.616
-236.617
-236.617
-236.616
-236.614
-236.612
-236.608
-236.603
-236.598
-236.592
-236.585
-236.577
-236.568
-236.559
-236.548
-236.537
-236.525
-236.513
-236.499
-236.485
-236.471
-236.455
-236.439
-236.423
-236.405
-236.387
-236.369
-236.35
-236.331
-236.311
-236.29
-236.269
-236.248
-236.226
-236.203
-236.181
-236.157
-236.134
-236.11
-236.086
-236.061
-236.037
-236.011
-235.986
-235.96
-235.934
-235.908
-235.882
-235.856
-235.829
-235.802
-235.775
-235.748
-235.721
-235.694
-235.667
-235.64
-235.612
-235.585
-235.558
-235.531
-235.504
-235.477
-235.45
-235.424
-235.397
-235.371
-235.345
-235.319
-235.293
-235.268
-235.243
-235.218
-235.194
-235.169
-235.145
-235.122
-235.098
-235.075
-235.053
-235.031
-235.009
-234.987
-234.966
-234.945
-234.924
-234.904
-234.884
-234.865
-234.846
-234.827
-234.808
-234.79
-234.773
-234.755
-234.738
-234.721
-234.705
-234.688
-234.673
-234.657
-234.642
-234.627
-234.612
-234.597
-234.583
-234.569
-234.556
-234.542
-234.529
-234.517
-234.504
-234.492
-234.48
-234.469
-234.458
-234.447
-234.437
-234.427
-234.417
-234.408
-234.4
-234.392
-234.384
-234.377
-234.371
-234.365
-234.359
-234.355
-234.351
-234.348
-234.345
-234.343
-234.342
-234.342
-234.343
-234.344
-234.346
-234.349
-234.353
-234.358
-234.363
-234.369
-234.377
-234.384
-234.393
-234.403
-234.413
-234.424
-234.436
-234.449
-234.462
-234.476
-234.49
-234.505
-234.521
-234.537
-234.554
-234.571
-234.589
-234.607
-234.625
-234.644
-234.663
-234.682
-234.702
-234.721
-234.741
-234.761
-234.781
-234.801
-234.821
-234.841
-234.861
-234.88
-234.9
-234.919
-234.938
-234.957
-234.976
-234.994
-235.012
-235.03
-235.047
-235.064
-235.081
-235.096
-235.112
-235.126
-235.141
-235.154
-235.167
-235.179
-235.191
-235.202
-235.212
-235.221
-235.23
-235.237
-235.244
-235.25
-235.256
-235.26
-235.263
-235.266
-235.267
-235.268
-235.268
-235.267
-235.265
-235.261
-235.257
-235.252
-235.247
-235.24
-235.232
-235.224
-235.214
-235.204
-235.193
-235.181
-235.168
-235.155
-235.141
-235.126
-235.11
-235.094
-235.078
-235.061
-235.043
-235.025
-235.007
-234.989
-234.97
-234.951
-234.932
-234.913
-234.893
-234.874
-234.855
-234.836
-234.817
-234.798
-234.78
-234.762
-234.744
-234.726
-234.709
-234.693
-234.677
-234.661
-234.646
-234.632
-234.618
-234.605
-234.592
-234.58
-234.569
-234.558
-234.549
-234.539
-234.531
-234.524
-234.517
-234.511
-234.505
-234.501
-234.497
-234.494
-234.492
-234.491
-234.49
-234.49
-234.492
-234.493
-234.496
-234.5
-234.504
-234.509
-234.515
-234.522
-234.53
-234.538
-234.547
-234.557
-234.568
-234.58
-234.592
-234.605
-234.619
-234.633
-234.649
-234.664
-234.681
-234.698
-234.716
-234.735
-234.754
-234.773
-234.793
-234.814
-234.835
-234.856
-234.878
-234.9
-234.922
-234.945
-234.967
-234.99
-235.013
-235.036
-235.058
-235.081
-235.103
-235.126
-235.148
-235.17
-235.191
-235.212
-235.233
-235.253
-235.273
-235.292
-235.311
-235.329
-235.346
-235.363
-235.379
-235.395
-235.41
-235.424
-235.437
-235.45
-235.462
-235.473
-235.484
-235.494
-235.503
-235.511
-235.519
-235.526
-235.532
-235.538
-235.543
-235.547
-235.551
-235.554
-235.557
-235.559
-235.56
-235.561
-235.561
-235.561
-235.561
-235.56
-235.559
-235.557
-235.555
-235.552
-235.55
-235.547
-235.544
-235.54
-235.537
-235.533
-235.529
-235.525
-235.521
-235.517
-235.513
-235.508
-235.504
-235.5
-235.496
-235.491
-235.487
-235.483
-235.479
-235.476
-235.472
-235.468
-235.465
-235.462
-235.458
-235.455
-235.453
-235.45
-235.447
-235.445
-235.443
-235.441
-235.439
-235.437
-235.435
-235.433
-235.432
-235.43
-235.429
-235.427
-235.426
-235.425
-235.423
-235.422
-235.42
-235.419
-235.417
-235.416
-235.414
-235.412
-235.41
-235.408
-235.406
-235.404
-235.402
-235.399
-235.396
-235.393
-235.39
-235.387
-235.384
-235.38
-235.376
-235.372
-235.368
-235.364
-235.36
-235.356
-235.351
-235.347
-235.342
-235.337
-235.332
-235.328
-235.323
-235.318
-235.313
-235.309
-235.304
-235.3
-235.295
-235.291
-235.287
-235.283
-235.279
-235.275
-235.272
-235.268
-235.265
-235.263
-235.26
-235.258
-235.256
-235.255
-235.253
-235.253
-235.252
-235.252
-235.252
-235.253
-235.254
-235.256
-235.257
-235.26
-235.262
-235.266
-235.269
-235.273
-235.278
-235.283
-235.288
-235.294
-235.3
-235.307
-235.314
-235.321
-235.329
-235.338
-235.346
-235.356
-235.365
-235.375
-235.386
-235.396
-235.407
-235.419
-235.431
-235.443
-235.455
-235.468
-235.481
-235.494
-235.507
-235.521
-235.535
-235.549
-235.563
-235.577
-235.591
-235.606
-235.62
-235.635
-235.649
-235.663
-235.678
-235.692
-235.706
-235.719
-235.733
-235.746
-235.759
-235.772
-235.784
-235.796
-235.807
-235.818
-235.828
-235.838
-235.847
-235.855
-235.863
-235.87
-235.877
-235.883
-235.888
-235.892
-235.895
-235.898
-235.9
-235.901
-235.901
-235.9
-235.899
-235.896
-235.893
-235.889
-235.884
-235.878
-235.871
-235.864
-235.856
-235.847
-235.837
-235.826
-235.815
-235.803
-235.791
-235.778
-235.764
-235.75
-235.735
-235.72
-235.704
-235.688
-235.671
-235.655
-235.637
-235.62
-235.602
-235.584
-235.565
-235.546
-235.528
-235.509
-235.489
-235.47
-235.45
-235.431
-235.411
-235.391
-235.371
-235.351
-235.33
-235.31
-235.289
-235.269
-235.248
-235.227
-235.206
-235.184
-235.163
-235.141
-235.119
-235.097
-235.074
-235.052
-235.029
-235.006
-234.982
-234.959
-234.935
-234.911
-234.886
-234.862
-234.837
-234.812
-234.787
-234.761
-234.736
-234.71
-234.684
-234.658
-234.631
-234.605
-234.579
-234.553
-234.526
-234.5
-234.474
-234.448
-234.422
-234.397
-234.371
-234.346
-234.322
-234.297
-234.273
-234.25
-234.227
-234.205
-234.183
-234.162
-234.141
-234.121
-234.102
-234.084
-234.066
-234.05
-234.034
-234.019
-234.004
-233.991
-233.979
-233.967
-233.957
-233.947
-233.938
-233.931
-233.924
-233.918
-233.913
-233.909
-233.906
-233.904
-233.903
-233.903
-233.904
-233.905
-233.908
-233.911
-233.915
-233.92
-233.926
-233.932
-233.939
-233.947
-233.955
-233.965
-233.974
-233.985
-233.996
-234.007
-234.02
-234.032
-234.045
-234.059
-234.073
-234.087
-234.102
-234.117
-234.133
-234.149
-234.165
-234.181
-234.198
-234.215
-234.233
-234.251
-234.268
-234.287
-234.305
-234.324
-234.343
-234.362
-234.381
-234.401
-234.42
-234.44
-234.46
-234.481
-234.501
-234.522
-234.543
-234.564
-234.585
-234.607
-234.628
-234.65
-234.673
-234.695
-234.718
-234.741
-234.764
-234.787
-234.811
-234.835
-234.86
-234.884
-234.909
-234.934
-234.96
-234.986
-235.012
-235.038
-235.065
-235.092
-235.119
-235.147
-235.175
-235.203
-235.231
-235.26
-235.289
-235.318
-235.348
-235.377
-235.407
-235.437
-235.467
-235.498
-235.528
-235.558
-235.589
-235.619
-235.649
-235.68
-235.71
-235.74
-235.77
-235.8
-235.829
-235.859
-235.888
-235.916
-235.945
-235.973
-236.001
-236.028
-236.055
-236.081
-236.107
-236.132
-236.157
-236.181
-236.205
-236.228
-236.25
-236.272
-236.293
-236.314
-236.333
-236.352
-236.371
-236.388
-236.405
-236.422
-236.437
-236.452
-236.466
-236.479
-236.491
-236.503
-236.514
-236.524
-236.533
-236.542
-236.55
-236.557
-236.563
-236.568
-236.573
-236.577
-236.58
-236.582
-236.584
-236.585
-236.584
-236.584
-236.582
-236.58
-236.576
-236.572
-236.568
-236.562
-236.556
-236.549
-236.541
-236.532
-236.523
-236.512
-236.501
-236.49
-236.477
-236.464
-236.45
-236.435
-236.42
-236.404
-236.387
-236.369
-236.351
-236.332
-236.312
-236.292
-236.271
-236.25
-236.228
-236.205
-236.182
-236.158
-236.134
-236.109
-236.084
-236.058
-236.032
-236.006
-235.978
-235.951
-235.923
-235.895
-235.866
-235.837
-235.808
-235.778
-235.748
-235.717
-235.687
-235.655
-235.624
-235.592
-235.56
-235.527
-235.494
-235.461
-235.427
-235.393
-235.358
-235.323
-235.288
-235.252
-235.216
-235.179
-235.142
-235.105
-235.068
-235.03
-234.992
-234.953
-234.915
-234.876
-234.837
-234.797
-234.758
-234.719
-234.679
-234.639
-234.6
-234.56
-234.521
-234.482
-234.443
-234.404
-234.366
-234.328
-234.291
-234.254
-234.217
-234.181
-234.146
-234.112
-234.078
-234.045
-234.014
-233.983
-233.953
-233.924
-233.897
-233.87
-233.845
-233.821
-233.799
-233.778
-233.758
-233.74
-233.723
-233.708
-233.695
-233.683
-233.672
-233.663
-233.656
-233.651
-233.647
-233.645
-233.644
-233.645
-233.647
-233.652
-233.657
-233.664
-233.673
-233.682
-233.694
-233.706
-233.72
-233.736
-233.752
-233.77
-233.789
-233.808
-233.829
-233.852
-233.875
-233.899
-233.923
-233.949
-233.976
-234.003
-234.031
-234.06
-234.089
-234.119
-234.149
-234.18
-234.212
-234.243
-234.275
-234.308
-234.34
-234.373
-234.405
-234.438
-234.47
-234.503
-234.535
-234.567
-234.599
-234.63
-234.661
-234.691
-234.721
-234.75
-234.779
-234.807
-234.834
-234.86
-234.886
-234.911
-234.935
-234.958
-234.981
-235.002
-235.022
-235.042
-235.061
-235.079
-235.095
-235.112
-235.127
-235.141
-235.154
-235.167
-235.179
-235.19
-235.2
-235.21
-235.219
-235.228
-235.235
-235.243
-235.25
-235.256
-235.262
-235.268
-235.273
-235.278
-235.283
-235.288
-235.293
-235.297
-235.302
-235.307
-235.311
-235.316
-235.321
-235.326
-235.331
-235.337
-235.342
-235.349
-235.355
-235.362
-235.369
-235.376
-235.384
-235.392
-235.4
-235.409
-235.418
-235.428
-235.437
-235.447
-235.458
-235.469
-235.479
-235.491
-235.502
-235.513
-235.525
-235.537
-235.548
-235.56
-235.572
-235.584
-235.596
-235.608
-235.619
-235.631
-235.642
-235.654
-235.665
-235.676
-235.687
-235.698
-235.708
-235.718
-235.729
-235.738
-235.748
-235.758
-235.767
-235.776
-235.785
-235.794
-235.803
-235.812
-235.82
-235.829
-235.837
-235.845
-235.853
-235.862
-235.87
-235.878
-235.886
-235.894
-235.903
-235.911
-235.919
-235.928
-235.936
-235.945
-235.954
-235.963
-235.972
-235.981
-235.991
-236
-236.01
-236.02
-236.03
-236.04
-236.05
-236.061
-236.071
-236.082
-236.093
-236.104
-236.115
-236.126
-236.137
-236.149
-236.16
-236.171
-236.183
-236.194
-236.205
-236.216
-236.227
-236.238
-236.249
-236.259
-236.269
-236.279
-236.289
-236.298
-236.308
-236.316
-236.325
-236.333
-236.34
-236.348
-236.354
-236.36
-236.366
-236.371
-236.376
