0
1.12264e+08
1.12238e+08
1.12194e+08
1.12133e+08
1.12054e+08
1.11958e+08
1.11844e+08
1.11713e+08
1.11564e+08
1.11397e+08
1.11212e+08
1.1101e+08
1.10789e+08
1.10551e+08
1.10295e+08
1.1002e+08
1.09727e+08
1.09416e+08
1.09087e+08
1.08739e+08
1.08373e+08
1.07988e+08
1.07584e+08
1.07162e+08
1.06721e+08
1.06261e+08
1.05782e+08
1.05285e+08
1.04768e+08
1.04232e+08
1.03676e+08
1.03102e+08
1.02508e+08
1.01895e+08
1.01263e+08
1.00611e+08
9.99398e+07
9.92496e+07
9.85401e+07
9.78115e+07
9.70638e+07
9.62973e+07
9.55119e+07
9.47079e+07
9.38855e+07
9.30449e+07
9.21864e+07
9.13103e+07
9.04169e+07
8.95067e+07
8.858e+07
8.76374e+07
8.66793e+07
8.57063e+07
8.4719e+07
8.37181e+07
8.27044e+07
8.16785e+07
8.06414e+07
7.95938e+07
7.85368e+07
7.74712e+07
7.63982e+07
7.53188e+07
7.42341e+07
7.31453e+07
7.20537e+07
7.09605e+07
6.9867e+07
6.87745e+07
6.76845e+07
6.65981e+07
6.5517e+07
6.44424e+07
6.33758e+07
6.23186e+07
6.12722e+07
6.0238e+07
5.92175e+07
5.82119e+07
5.72226e+07
5.62509e+07
5.5298e+07
5.43652e+07
5.34535e+07
5.25642e+07
5.16981e+07
5.08564e+07
5.00399e+07
4.92494e+07
4.84857e+07
4.77496e+07
4.70415e+07
4.6362e+07
4.57116e+07
4.50906e+07
4.44994e+07
4.39382e+07
4.34071e+07
4.29061e+07
4.24353e+07
4.19946e+07
4.15839e+07
4.12029e+07
4.08514e+07
4.0529e+07
4.02354e+07
3.99702e+07
3.97328e+07
3.95227e+07
3.93394e+07
3.91822e+07
3.90504e+07
3.89435e+07
3.88607e+07
3.88012e+07
3.87643e+07
3.87493e+07
3.87553e+07
3.87815e+07
3.88271e+07
3.88913e+07
3.89732e+07
3.90721e+07
3.9187e+07
3.93172e+07
3.94619e+07
3.96201e+07
3.97911e+07
3.99741e+07
4.01683e+07
4.0373e+07
4.05872e+07
4.08103e+07
4.10416e+07
4.12802e+07
4.15256e+07
4.1777e+07
4.20337e+07
4.22951e+07
4.25606e+07
4.28295e+07
4.31012e+07
4.33752e+07
4.3651e+07
4.39279e+07
4.42055e+07
4.44834e+07
4.47609e+07
4.50378e+07
4.53134e+07
4.55876e+07
4.58598e+07
4.61296e+07
4.63968e+07
4.66611e+07
4.6922e+07
4.71794e+07
4.74328e+07
4.76822e+07
4.79272e+07
4.81677e+07
4.84033e+07
4.8634e+07
4.88596e+07
4.90799e+07
4.92948e+07
4.95041e+07
4.97077e+07
4.99056e+07
5.00976e+07
5.02837e+07
5.04638e+07
5.06379e+07
5.08059e+07
5.09678e+07
5.11236e+07
5.12733e+07
5.14169e+07
5.15544e+07
5.16858e+07
5.18112e+07
5.19306e+07
5.2044e+07
5.21515e+07
5.22532e+07
5.2349e+07
5.24392e+07
5.25237e+07
5.26027e+07
5.26762e+07
5.27443e+07
5.28071e+07
5.28648e+07
5.29173e+07
5.29648e+07
5.30075e+07
5.30454e+07
5.30786e+07
5.31072e+07
5.31314e+07
5.31513e+07
5.3167e+07
5.31786e+07
5.31863e+07
5.31901e+07
5.31902e+07
5.31867e+07
5.31798e+07
5.31696e+07
5.31562e+07
5.31397e+07
5.31202e+07
5.3098e+07
5.30731e+07
5.30457e+07
5.30158e+07
5.29837e+07
5.29494e+07
5.29132e+07
5.2875e+07
5.28351e+07
5.27936e+07
5.27506e+07
5.27062e+07
5.26606e+07
5.26139e+07
5.25662e+07
5.25176e+07
5.24683e+07
5.24184e+07
5.2368e+07
5.23173e+07
5.22663e+07
5.22151e+07
5.2164e+07
5.21129e+07
5.2062e+07
5.20115e+07
5.19614e+07
5.19118e+07
5.18629e+07
5.18147e+07
5.17674e+07
5.17209e+07
5.16755e+07
5.16313e+07
5.15882e+07
5.15464e+07
5.15061e+07
5.14672e+07
5.14298e+07
5.13941e+07
5.136e+07
5.13277e+07
5.12972e+07
5.12686e+07
5.1242e+07
5.12173e+07
5.11946e+07
5.1174e+07
5.11555e+07
5.11392e+07
5.1125e+07
5.11131e+07
5.11033e+07
5.10958e+07
5.10906e+07
5.10876e+07
5.10868e+07
5.10884e+07
5.10922e+07
5.10982e+07
5.11065e+07
5.1117e+07
5.11297e+07
5.11446e+07
5.11616e+07
5.11808e+07
5.1202e+07
5.12253e+07
5.12507e+07
5.1278e+07
5.13072e+07
5.13383e+07
5.13713e+07
5.1406e+07
5.14425e+07
5.14806e+07
5.15203e+07
5.15616e+07
5.16044e+07
5.16487e+07
5.16943e+07
5.17412e+07
5.17894e+07
5.18387e+07
5.18892e+07
5.19407e+07
5.19932e+07
5.20466e+07
5.2101e+07
5.21561e+07
5.2212e+07
5.22686e+07
5.23259e+07
5.23837e+07
5.24421e+07
5.2501e+07
5.25604e+07
5.26201e+07
5.26802e+07
5.27407e+07
5.28015e+07
5.28625e+07
5.29238e+07
5.29852e+07
5.30469e+07
5.31087e+07
5.31707e+07
5.32329e+07
5.32951e+07
5.33575e+07
5.342e+07
5.34826e+07
5.35453e+07
5.36081e+07
5.36711e+07
5.37342e+07
5.37974e+07
5.38607e+07
5.39243e+07
5.39879e+07
5.40518e+07
5.41159e+07
5.41802e+07
5.42447e+07
5.43095e+07
5.43746e+07
5.44399e+07
5.45055e+07
5.45715e+07
5.46377e+07
5.47043e+07
5.47713e+07
5.48386e+07
5.49063e+07
5.49744e+07
5.50428e+07
5.51116e+07
5.51808e+07
5.52504e+07
5.53203e+07
5.53906e+07
5.54612e+07
5.55321e+07
5.56033e+07
5.56749e+07
5.57467e+07
5.58187e+07
5.58909e+07
5.59634e+07
5.6036e+07
5.61087e+07
5.61815e+07
5.62544e+07
5.63273e+07
5.64002e+07
5.6473e+07
5.65458e+07
5.66184e+07
5.66909e+07
5.67632e+07
5.68352e+07
5.6907e+07
5.69785e+07
5.70495e+07
5.71202e+07
5.71905e+07
5.72602e+07
5.73294e+07
5.73981e+07
5.74662e+07
5.75336e+07
5.76003e+07
5.76664e+07
5.77316e+07
5.77961e+07
5.78598e+07
5.79226e+07
5.79844e+07
5.80454e+07
5.81054e+07
5.81644e+07
5.82224e+07
5.82793e+07
5.83352e+07
5.83899e+07
5.84435e+07
5.8496e+07
5.85473e+07
5.85973e+07
5.86462e+07
5.86938e+07
5.87401e+07
5.87852e+07
5.8829e+07
5.88715e+07
5.89127e+07
5.89525e+07
5.89911e+07
5.90283e+07
5.90642e+07
5.90987e+07
5.91319e+07
5.91638e+07
5.91944e+07
5.92236e+07
5.92515e+07
5.9278e+07
5.93033e+07
5.93272e+07
5.93499e+07
5.93712e+07
5.93913e+07
5.94101e+07
5.94277e+07
5.9444e+07
5.94592e+07
5.94731e+07
5.94859e+07
5.94974e+07
5.95079e+07
5.95172e+07
5.95254e+07
5.95326e+07
5.95387e+07
5.95437e+07
5.95478e+07
5.95509e+07
5.9553e+07
5.95542e+07
5.95545e+07
5.95539e+07
5.95524e+07
5.95501e+07
5.95471e+07
5.95432e+07
5.95386e+07
5.95333e+07
5.95272e+07
5.95205e+07
5.95132e+07
5.95052e+07
5.94966e+07
5.94875e+07
5.94778e+07
5.94676e+07
5.94568e+07
5.94456e+07
5.94339e+07
5.94218e+07
5.94092e+07
5.93962e+07
5.93829e+07
5.93691e+07
5.9355e+07
5.93406e+07
5.93259e+07
5.93108e+07
5.92955e+07
5.92799e+07
5.9264e+07
5.92479e+07
5.92315e+07
5.9215e+07
5.91982e+07
5.91813e+07
5.91641e+07
5.91468e+07
5.91293e+07
5.91117e+07
5.9094e+07
5.90761e+07
5.90582e+07
5.90401e+07
5.90219e+07
5.90037e+07
5.89854e+07
5.8967e+07
5.89486e+07
5.89302e+07
5.89117e+07
5.88932e+07
5.88747e+07
5.88561e+07
5.88376e+07
5.8819e+07
5.88005e+07
5.87819e+07
5.87634e+07
5.87449e+07
5.87264e+07
5.8708e+07
5.86896e+07
5.86711e+07
5.86528e+07
5.86344e+07
5.86161e+07
5.85979e+07
5.85797e+07
5.85615e+07
5.85434e+07
5.85253e+07
5.85073e+07
5.84894e+07
5.84716e+07
5.84538e+07
5.84361e+07
5.84185e+07
5.8401e+07
5.83837e+07
5.83665e+07
5.83494e+07
5.83325e+07
5.83158e+07
5.82992e+07
5.82829e+07
5.82668e+07
5.82509e+07
5.82353e+07
5.822e+07
5.82049e+07
5.81902e+07
5.81758e+07
5.81618e+07
5.81482e+07
5.81349e+07
5.81221e+07
5.81097e+07
5.80978e+07
5.80864e+07
5.80755e+07
5.80652e+07
5.80553e+07
5.80461e+07
5.80374e+07
5.80294e+07
5.8022e+07
5.80152e+07
5.80091e+07
5.80037e+07
5.79989e+07
5.79949e+07
5.79915e+07
5.79889e+07
5.79871e+07
5.79859e+07
5.79855e+07
5.79859e+07
5.7987e+07
5.79889e+07
5.79915e+07
5.79949e+07
5.79991e+07
5.8004e+07
5.80097e+07
5.80162e+07
5.80234e+07
5.80314e+07
5.804e+07
5.80495e+07
5.80596e+07
5.80704e+07
5.8082e+07
5.80942e+07
5.81071e+07
5.81206e+07
5.81348e+07
5.81497e+07
5.81651e+07
5.81811e+07
5.81977e+07
5.82148e+07
5.82325e+07
5.82507e+07
5.82693e+07
5.82885e+07
5.8308e+07
5.8328e+07
5.83483e+07
5.8369e+07
5.839e+07
5.84114e+07
5.8433e+07
5.84548e+07
5.84769e+07
5.84992e+07
5.85216e+07
5.85442e+07
5.85669e+07
5.85897e+07
5.86126e+07
5.86354e+07
5.86583e+07
5.86812e+07
5.8704e+07
5.87268e+07
5.87495e+07
5.87721e+07
5.87945e+07
5.88168e+07
5.88389e+07
5.88608e+07
5.88824e+07
5.89039e+07
5.89251e+07
5.8946e+07
5.89666e+07
5.89868e+07
5.90068e+07
5.90264e+07
5.90456e+07
5.90645e+07
5.90829e+07
5.91009e+07
5.91185e+07
5.91356e+07
5.91523e+07
5.91685e+07
5.91842e+07
5.91993e+07
5.9214e+07
5.92281e+07
5.92417e+07
5.92547e+07
5.92672e+07
5.9279e+07
5.92903e+07
5.93009e+07
5.9311e+07
5.93204e+07
5.93291e+07
5.93372e+07
5.93447e+07
5.93515e+07
5.93576e+07
5.9363e+07
5.93678e+07
5.93718e+07
5.93752e+07
5.93778e+07
5.93797e+07
5.9381e+07
5.93814e+07
5.93812e+07
5.93802e+07
5.93785e+07
5.93761e+07
5.9373e+07
5.93691e+07
5.93645e+07
5.93592e+07
5.93532e+07
5.93465e+07
5.9339e+07
5.93309e+07
5.93221e+07
5.93126e+07
5.93025e+07
5.92917e+07
5.92803e+07
5.92683e+07
5.92557e+07
5.92425e+07
5.92288e+07
5.92145e+07
5.91998e+07
5.91846e+07
5.9169e+07
5.9153e+07
5.91366e+07
5.91198e+07
5.91028e+07
5.90855e+07
5.9068e+07
5.90503e+07
5.90325e+07
5.90146e+07
5.89966e+07
5.89787e+07
5.89607e+07
5.89429e+07
5.89253e+07
5.89078e+07
5.88906e+07
5.88737e+07
5.88571e+07
5.88409e+07
5.88251e+07
5.88099e+07
5.87952e+07
5.8781e+07
5.87675e+07
5.87547e+07
5.87426e+07
5.87312e+07
5.87206e+07
5.87108e+07
5.87019e+07
5.86938e+07
5.86866e+07
5.86803e+07
5.8675e+07
5.86707e+07
5.86672e+07
5.86648e+07
5.86634e+07
5.86629e+07
5.86634e+07
5.86649e+07
5.86674e+07
5.86708e+07
5.86751e+07
5.86804e+07
5.86866e+07
5.86938e+07
5.87017e+07
5.87106e+07
5.87202e+07
5.87307e+07
5.87419e+07
5.87539e+07
5.87666e+07
5.87801e+07
5.87941e+07
5.88088e+07
5.88242e+07
5.88401e+07
5.88565e+07
5.88735e+07
5.88909e+07
5.89088e+07
5.89272e+07
5.89459e+07
5.8965e+07
5.89845e+07
5.90042e+07
5.90242e+07
5.90445e+07
5.9065e+07
5.90857e+07
5.91066e+07
5.91276e+07
5.91487e+07
5.91698e+07
5.91911e+07
5.92123e+07
5.92335e+07
5.92547e+07
5.92758e+07
5.92968e+07
5.93177e+07
5.93383e+07
5.93589e+07
5.93791e+07
5.93992e+07
5.94189e+07
5.94384e+07
5.94575e+07
5.94763e+07
5.94946e+07
5.95126e+07
5.95301e+07
5.95472e+07
5.95638e+07
5.95799e+07
5.95954e+07
5.96105e+07
5.9625e+07
5.9639e+07
5.96523e+07
5.96652e+07
5.96774e+07
5.9689e+07
5.97001e+07
5.97106e+07
5.97204e+07
5.97297e+07
5.97384e+07
5.97466e+07
5.97542e+07
5.97612e+07
5.97677e+07
5.97737e+07
5.97792e+07
5.97842e+07
5.97887e+07
5.97928e+07
5.97965e+07
5.97998e+07
5.98028e+07
5.98054e+07
5.98077e+07
5.98098e+07
5.98116e+07
5.98132e+07
5.98146e+07
5.98158e+07
5.98169e+07
5.9818e+07
5.98189e+07
5.98198e+07
5.98207e+07
5.98216e+07
5.98225e+07
5.98235e+07
5.98246e+07
5.98258e+07
5.98271e+07
5.98286e+07
5.98302e+07
5.9832e+07
5.98341e+07
5.98363e+07
5.98388e+07
5.98415e+07
5.98445e+07
5.98477e+07
5.98512e+07
5.9855e+07
5.98591e+07
5.98635e+07
5.98682e+07
5.98732e+07
5.98785e+07
5.98841e+07
5.989e+07
5.98962e+07
5.99028e+07
5.99096e+07
5.99167e+07
5.99242e+07
5.99319e+07
5.994e+07
5.99483e+07
5.99569e+07
5.99658e+07
5.99749e+07
5.99843e+07
5.99939e+07
6.00038e+07
6.00138e+07
6.00241e+07
6.00346e+07
6.00453e+07
6.00561e+07
6.0067e+07
6.00781e+07
6.00893e+07
6.01006e+07
6.0112e+07
6.01234e+07
6.01349e+07
6.01463e+07
6.01577e+07
6.01691e+07
6.01804e+07
6.01917e+07
6.02028e+07
6.02137e+07
6.02245e+07
6.02351e+07
6.02455e+07
6.02556e+07
6.02655e+07
6.0275e+07
6.02842e+07
6.02931e+07
6.03016e+07
6.03097e+07
6.03173e+07
6.03245e+07
6.03313e+07
6.03375e+07
6.03432e+07
6.03484e+07
6.0353e+07
6.03571e+07
6.03606e+07
6.03635e+07
6.03658e+07
6.03675e+07
6.03686e+07
6.03691e+07
6.0369e+07
6.03682e+07
6.03668e+07
6.03647e+07
6.03621e+07
6.03588e+07
6.03549e+07
6.03504e+07
6.03454e+07
6.03397e+07
6.03334e+07
6.03265e+07
6.03191e+07
6.03111e+07
6.03026e+07
6.02936e+07
6.0284e+07
6.02739e+07
6.02634e+07
6.02523e+07
6.02408e+07
6.02289e+07
6.02165e+07
6.02036e+07
6.01904e+07
6.01767e+07
6.01627e+07
6.01483e+07
6.01336e+07
6.01185e+07
6.0103e+07
6.00873e+07
6.00712e+07
6.00548e+07
6.00382e+07
6.00213e+07
6.00041e+07
5.99867e+07
5.99691e+07
5.99512e+07
5.99331e+07
5.99148e+07
5.98964e+07
5.98777e+07
5.98589e+07
5.984e+07
5.98209e+07
5.98017e+07
5.97824e+07
5.9763e+07
5.97435e+07
5.9724e+07
5.97044e+07
5.96848e+07
5.96652e+07
5.96455e+07
5.96259e+07
5.96063e+07
5.95868e+07
5.95673e+07
5.95478e+07
5.95285e+07
5.95092e+07
5.94901e+07
5.94711e+07
5.94522e+07
5.94335e+07
5.94149e+07
5.93965e+07
5.93782e+07
5.93602e+07
5.93424e+07
5.93247e+07
5.93073e+07
5.92901e+07
5.92731e+07
5.92564e+07
5.92399e+07
5.92236e+07
5.92076e+07
5.91918e+07
5.91763e+07
5.9161e+07
5.9146e+07
5.91312e+07
5.91167e+07
5.91024e+07
5.90884e+07
5.90747e+07
5.90611e+07
5.90478e+07
5.90348e+07
5.9022e+07
5.90094e+07
5.89971e+07
5.8985e+07
5.89731e+07
5.89614e+07
5.895e+07
5.89388e+07
5.89278e+07
5.8917e+07
5.89064e+07
5.88961e+07
5.88859e+07
5.8876e+07
5.88663e+07
5.88569e+07
5.88476e+07
5.88386e+07
5.88299e+07
5.88214e+07
5.88131e+07
5.88052e+07
5.87975e+07
5.87901e+07
5.8783e+07
5.87762e+07
5.87698e+07
5.87637e+07
5.8758e+07
5.87527e+07
5.87477e+07
5.87432e+07
5.87391e+07
5.87355e+07
5.87324e+07
5.87297e+07
5.87275e+07
5.87259e+07
5.87247e+07
5.87242e+07
5.87241e+07
5.87246e+07
5.87257e+07
5.87274e+07
5.87297e+07
5.87325e+07
5.8736e+07
5.874e+07
5.87446e+07
5.87498e+07
5.87556e+07
5.8762e+07
5.87689e+07
5.87763e+07
5.87843e+07
5.87929e+07
5.88019e+07
5.88114e+07
5.88214e+07
5.88318e+07
5.88427e+07
5.88539e+07
5.88656e+07
5.88776e+07
5.88899e+07
5.89026e+07
5.89155e+07
5.89288e+07
5.89422e+07
5.89559e+07
5.89697e+07
5.89837e+07
5.89978e+07
5.9012e+07
5.90263e+07
5.90407e+07
5.9055e+07
5.90694e+07
5.90837e+07
5.9098e+07
5.91122e+07
5.91263e+07
5.91403e+07
5.91541e+07
5.91678e+07
5.91812e+07
5.91944e+07
5.92074e+07
5.92201e+07
5.92325e+07
5.92446e+07
5.92563e+07
5.92677e+07
5.92787e+07
5.92893e+07
5.92995e+07
5.93093e+07
5.93186e+07
5.93274e+07
5.93357e+07
5.93434e+07
5.93507e+07
5.93574e+07
5.93635e+07
5.93691e+07
5.93741e+07
5.93784e+07
5.93822e+07
5.93853e+07
5.93878e+07
5.93896e+07
5.93907e+07
5.93913e+07
5.93911e+07
5.93903e+07
5.93888e+07
5.93866e+07
5.93838e+07
5.93803e+07
5.93761e+07
5.93713e+07
5.93659e+07
5.93598e+07
5.93531e+07
5.93458e+07
5.93379e+07
5.93295e+07
5.93205e+07
5.9311e+07
5.9301e+07
5.92905e+07
5.92796e+07
5.92683e+07
5.92565e+07
5.92445e+07
5.92321e+07
5.92194e+07
5.92064e+07
5.91933e+07
5.918e+07
5.91665e+07
5.91529e+07
5.91393e+07
5.91256e+07
5.91119e+07
5.90983e+07
5.90847e+07
5.90713e+07
5.90579e+07
5.90448e+07
5.90318e+07
5.90191e+07
5.90066e+07
5.89944e+07
5.89826e+07
5.8971e+07
5.89599e+07
5.89491e+07
5.89387e+07
5.89287e+07
5.89192e+07
5.89101e+07
5.89015e+07
5.88934e+07
5.88857e+07
5.88786e+07
5.8872e+07
5.88659e+07
5.88604e+07
5.88554e+07
5.8851e+07
5.88471e+07
5.88438e+07
5.88411e+07
5.8839e+07
5.88374e+07
5.88364e+07
5.8836e+07
5.88362e+07
5.88369e+07
5.88383e+07
5.88402e+07
5.88428e+07
5.88459e+07
5.88497e+07
5.8854e+07
5.88589e+07
5.88644e+07
5.88705e+07
5.88772e+07
5.88844e+07
5.88922e+07
5.89006e+07
5.89095e+07
5.89189e+07
5.89289e+07
5.89394e+07
5.89504e+07
5.89619e+07
5.89739e+07
5.89863e+07
5.89992e+07
5.90125e+07
5.90262e+07
5.90402e+07
5.90546e+07
5.90693e+07
5.90844e+07
5.90997e+07
5.91152e+07
5.91309e+07
5.91468e+07
5.91628e+07
5.91789e+07
5.91951e+07
5.92113e+07
5.92275e+07
5.92437e+07
5.92599e+07
5.92759e+07
5.92918e+07
5.93075e+07
5.9323e+07
5.93383e+07
5.93533e+07
5.93681e+07
5.93825e+07
5.93965e+07
5.94103e+07
5.94236e+07
5.94365e+07
5.94489e+07
5.9461e+07
5.94725e+07
5.94836e+07
5.94942e+07
5.95043e+07
5.9514e+07
5.95231e+07
5.95316e+07
5.95397e+07
5.95473e+07
5.95543e+07
5.95609e+07
5.95669e+07
5.95724e+07
5.95774e+07
5.9582e+07
5.9586e+07
5.95896e+07
5.95928e+07
5.95955e+07
5.95977e+07
5.95996e+07
5.9601e+07
5.96021e+07
5.96028e+07
5.96031e+07
5.96031e+07
5.96028e+07
5.96021e+07
5.96012e+07
5.96e+07
5.95986e+07
5.95969e+07
5.9595e+07
5.9593e+07
5.95907e+07
5.95883e+07
5.95857e+07
5.95831e+07
5.95803e+07
5.95774e+07
5.95745e+07
5.95715e+07
5.95685e+07
5.95654e+07
5.95624e+07
5.95593e+07
5.95563e+07
5.95533e+07
5.95503e+07
5.95474e+07
5.95446e+07
5.95418e+07
5.95391e+07
5.95365e+07
5.9534e+07
5.95316e+07
5.95293e+07
5.95271e+07
5.95249e+07
5.95229e+07
5.9521e+07
5.95192e+07
5.95175e+07
5.95159e+07
5.95143e+07
5.95129e+07
5.95115e+07
5.95102e+07
5.9509e+07
5.95077e+07
5.95066e+07
5.95055e+07
5.95043e+07
5.95032e+07
5.95021e+07
5.9501e+07
5.94999e+07
5.94987e+07
5.94975e+07
5.94963e+07
5.9495e+07
5.94936e+07
5.94922e+07
5.94907e+07
5.94891e+07
5.94874e+07
5.94856e+07
5.94837e+07
5.94817e+07
5.94795e+07
5.94773e+07
5.9475e+07
5.94726e+07
5.947e+07
5.94674e+07
5.94647e+07
5.94618e+07
5.94589e+07
5.94559e+07
5.94528e+07
5.94496e+07
5.94464e+07
5.94431e+07
5.94398e+07
5.94365e+07
5.94331e+07
5.94298e+07
5.94264e+07
5.94231e+07
5.94198e+07
5.94166e+07
5.94134e+07
5.94103e+07
5.94073e+07
5.94044e+07
5.94016e+07
5.93989e+07
5.93963e+07
5.93939e+07
5.93917e+07
5.93896e+07
5.93877e+07
5.93861e+07
5.93846e+07
5.93834e+07
5.93823e+07
5.93816e+07
5.9381e+07
5.93808e+07
5.93808e+07
5.93811e+07
5.93816e+07
5.93825e+07
5.93836e+07
5.9385e+07
5.93868e+07
5.93888e+07
5.93911e+07
5.93938e+07
5.93967e+07
5.94e+07
5.94036e+07
5.94075e+07
5.94117e+07
5.94163e+07
5.94211e+07
5.94263e+07
5.94317e+07
5.94375e+07
5.94436e+07
5.945e+07
5.94566e+07
5.94636e+07
5.94708e+07
5.94783e+07
5.9486e+07
5.9494e+07
5.95023e+07
5.95108e+07
5.95195e+07
5.95284e+07
5.95375e+07
5.95469e+07
5.95564e+07
5.9566e+07
5.95758e+07
5.95858e+07
5.95958e+07
5.96059e+07
5.96162e+07
5.96264e+07
5.96367e+07
5.9647e+07
5.96574e+07
5.96677e+07
5.96779e+07
5.96881e+07
5.96981e+07
5.97081e+07
5.97178e+07
5.97274e+07
5.97369e+07
5.9746e+07
5.9755e+07
5.97636e+07
5.9772e+07
5.978e+07
5.97877e+07
5.97949e+07
5.98018e+07
5.98083e+07
5.98143e+07
5.98199e+07
5.9825e+07
5.98295e+07
5.98336e+07
5.98371e+07
5.984e+07
5.98424e+07
5.98442e+07
5.98455e+07
5.98461e+07
5.98462e+07
5.98456e+07
5.98444e+07
5.98427e+07
5.98403e+07
5.98373e+07
5.98338e+07
5.98296e+07
5.98249e+07
5.98196e+07
5.98137e+07
5.98073e+07
5.98003e+07
5.97929e+07
5.9785e+07
5.97765e+07
5.97676e+07
5.97583e+07
5.97485e+07
5.97384e+07
5.97278e+07
5.97169e+07
5.97057e+07
5.96941e+07
5.96822e+07
5.96701e+07
5.96577e+07
5.96451e+07
5.96322e+07
5.96191e+07
5.96059e+07
5.95925e+07
5.95789e+07
5.95651e+07
5.95513e+07
5.95372e+07
5.95231e+07
5.95089e+07
5.94945e+07
5.94801e+07
5.94655e+07
5.94508e+07
5.9436e+07
5.94212e+07
5.94062e+07
5.93911e+07
5.93759e+07
5.93605e+07
5.93451e+07
5.93295e+07
5.93137e+07
5.92979e+07
5.92818e+07
5.92657e+07
5.92493e+07
5.92328e+07
5.92162e+07
5.91993e+07
5.91823e+07
5.91652e+07
5.91478e+07
5.91303e+07
5.91126e+07
5.90947e+07
5.90767e+07
5.90585e+07
5.90402e+07
5.90218e+07
5.90032e+07
5.89845e+07
5.89657e+07
5.89469e+07
5.8928e+07
5.89091e+07
5.88901e+07
5.88712e+07
5.88522e+07
5.88334e+07
5.88146e+07
5.87959e+07
5.87774e+07
5.8759e+07
5.87408e+07
5.87228e+07
5.87051e+07
5.86877e+07
5.86705e+07
5.86537e+07
5.86373e+07
5.86212e+07
5.86056e+07
5.85904e+07
5.85756e+07
5.85614e+07
5.85477e+07
5.85345e+07
5.85219e+07
5.85098e+07
5.84983e+07
5.84875e+07
5.84772e+07
5.84676e+07
5.84587e+07
5.84504e+07
5.84428e+07
5.84358e+07
5.84296e+07
5.8424e+07
5.84191e+07
5.84148e+07
5.84113e+07
5.84084e+07
5.84062e+07
5.84047e+07
5.84038e+07
5.84036e+07
5.8404e+07
5.8405e+07
5.84067e+07
5.84089e+07
5.84118e+07
5.84152e+07
5.84192e+07
5.84238e+07
5.84288e+07
5.84344e+07
5.84404e+07
5.8447e+07
5.8454e+07
5.84614e+07
5.84693e+07
5.84776e+07
5.84862e+07
5.84953e+07
5.85047e+07
5.85144e+07
5.85245e+07
5.85348e+07
5.85455e+07
5.85564e+07
5.85676e+07
5.85791e+07
5.85908e+07
5.86028e+07
5.8615e+07
5.86274e+07
5.864e+07
5.86529e+07
5.86659e+07
5.86791e+07
5.86924e+07
5.8706e+07
5.87197e+07
5.87336e+07
5.87476e+07
5.87618e+07
5.87762e+07
5.87907e+07
5.88053e+07
5.88202e+07
5.88351e+07
5.88502e+07
5.88655e+07
5.88809e+07
5.88965e+07
5.89122e+07
5.89281e+07
5.89442e+07
5.89605e+07
5.89769e+07
5.89935e+07
5.90103e+07
5.90273e+07
5.90444e+07
5.90618e+07
5.90794e+07
5.90971e+07
5.91151e+07
5.91333e+07
5.91517e+07
5.91703e+07
5.91892e+07
5.92082e+07
5.92275e+07
5.9247e+07
5.92667e+07
5.92866e+07
5.93067e+07
5.9327e+07
5.93475e+07
5.93682e+07
5.93891e+07
5.94101e+07
5.94313e+07
5.94527e+07
5.94742e+07
5.94958e+07
5.95175e+07
5.95393e+07
5.95612e+07
5.95831e+07
5.96051e+07
5.96271e+07
5.96491e+07
5.9671e+07
5.96929e+07
5.97148e+07
5.97366e+07
5.97582e+07
5.97797e+07
5.98011e+07
5.98223e+07
5.98433e+07
5.98641e+07
5.98846e+07
5.99049e+07
5.99249e+07
5.99446e+07
5.9964e+07
5.9983e+07
6.00017e+07
6.002e+07
6.00379e+07
6.00555e+07
6.00726e+07
6.00893e+07
6.01055e+07
6.01213e+07
6.01366e+07
6.01514e+07
6.01658e+07
6.01796e+07
6.01929e+07
6.02058e+07
6.02181e+07
6.02298e+07
6.0241e+07
6.02517e+07
6.02619e+07
6.02715e+07
6.02805e+07
6.0289e+07
6.0297e+07
6.03043e+07
6.03112e+07
6.03174e+07
6.03231e+07
6.03282e+07
6.03328e+07
6.03368e+07
6.03402e+07
6.0343e+07
6.03453e+07
6.0347e+07
6.03481e+07
6.03487e+07
6.03487e+07
6.03481e+07
6.03469e+07
6.03452e+07
6.03429e+07
6.03401e+07
6.03366e+07
6.03326e+07
6.03281e+07
6.03229e+07
6.03172e+07
6.0311e+07
6.03042e+07
6.02968e+07
6.02889e+07
6.02804e+07
6.02714e+07
6.02619e+07
6.02518e+07
6.02412e+07
6.023e+07
6.02184e+07
6.02062e+07
6.01936e+07
6.01804e+07
6.01668e+07
6.01527e+07
6.01381e+07
6.01231e+07
6.01076e+07
6.00917e+07
6.00754e+07
6.00587e+07
6.00416e+07
6.0024e+07
6.00062e+07
5.99879e+07
5.99693e+07
5.99504e+07
5.99312e+07
5.99116e+07
5.98917e+07
5.98715e+07
5.9851e+07
5.98302e+07
5.98092e+07
5.97878e+07
5.97662e+07
5.97443e+07
5.97221e+07
5.96997e+07
5.9677e+07
5.9654e+07
5.96307e+07
5.96072e+07
5.95834e+07
5.95594e+07
5.95351e+07
5.95104e+07
5.94856e+07
5.94604e+07
5.9435e+07
5.94093e+07
5.93833e+07
5.93571e+07
5.93306e+07
5.93039e+07
5.92769e+07
5.92497e+07
5.92224e+07
5.91948e+07
5.9167e+07
5.9139e+07
5.9111e+07
5.90827e+07
5.90544e+07
5.9026e+07
5.89976e+07
5.89691e+07
5.89407e+07
5.89123e+07
5.88839e+07
5.88557e+07
5.88276e+07
5.87996e+07
5.87719e+07
5.87445e+07
5.87173e+07
5.86904e+07
5.8664e+07
5.86379e+07
5.86123e+07
5.85871e+07
5.85626e+07
5.85385e+07
5.85152e+07
5.84924e+07
5.84704e+07
5.84492e+07
5.84287e+07
5.8409e+07
5.83902e+07
5.83723e+07
5.83554e+07
5.83394e+07
5.83244e+07
5.83105e+07
5.82975e+07
5.82857e+07
5.82749e+07
5.82653e+07
5.82568e+07
5.82494e+07
5.82432e+07
5.82381e+07
5.82342e+07
5.82314e+07
5.82297e+07
5.82292e+07
5.82298e+07
5.82316e+07
5.82344e+07
5.82384e+07
5.82433e+07
5.82494e+07
5.82564e+07
5.82645e+07
5.82735e+07
5.82834e+07
5.82943e+07
5.83061e+07
5.83187e+07
5.83322e+07
5.83465e+07
5.83615e+07
5.83773e+07
5.83938e+07
5.8411e+07
5.84288e+07
5.84473e+07
5.84663e+07
5.84859e+07
5.8506e+07
5.85266e+07
5.85476e+07
5.8569e+07
5.85908e+07
5.86129e+07
5.86353e+07
5.86579e+07
5.86808e+07
5.87038e+07
5.87269e+07
5.87501e+07
5.87734e+07
5.87966e+07
5.88198e+07
5.88429e+07
5.88659e+07
5.88886e+07
5.89112e+07
5.89334e+07
5.89554e+07
5.8977e+07
5.89983e+07
5.90191e+07
5.90395e+07
5.90595e+07
5.90789e+07
5.90978e+07
5.91161e+07
5.91339e+07
5.91511e+07
5.91677e+07
5.91837e+07
5.91991e+07
5.92138e+07
5.92279e+07
5.92414e+07
5.92542e+07
5.92664e+07
5.9278e+07
5.9289e+07
5.92994e+07
5.93091e+07
5.93184e+07
5.93271e+07
5.93352e+07
5.93429e+07
5.935e+07
5.93567e+07
5.9363e+07
5.93689e+07
5.93744e+07
5.93796e+07
5.93845e+07
5.93891e+07
5.93934e+07
5.93975e+07
5.94015e+07
5.94053e+07
5.9409e+07
5.94126e+07
5.94161e+07
5.94196e+07
5.94231e+07
5.94267e+07
5.94303e+07
5.9434e+07
5.94379e+07
5.94418e+07
5.94459e+07
5.94502e+07
5.94547e+07
5.94594e+07
5.94643e+07
5.94695e+07
5.94748e+07
5.94804e+07
5.94863e+07
5.94924e+07
5.94987e+07
5.95053e+07
5.95121e+07
5.95191e+07
5.95263e+07
5.95337e+07
5.95413e+07
5.9549e+07
5.95569e+07
5.9565e+07
5.95731e+07
5.95814e+07
5.95897e+07
5.95982e+07
5.96066e+07
5.96151e+07
5.96236e+07
5.96321e+07
5.96405e+07
5.96489e+07
5.96573e+07
5.96655e+07
5.96737e+07
5.96818e+07
5.96899e+07
5.96978e+07
5.97055e+07
5.97132e+07
5.97207e+07
5.97281e+07
5.97354e+07
5.97426e+07
5.97496e+07
5.97566e+07
5.97634e+07
5.977e+07
5.97766e+07
5.97831e+07
5.97896e+07
5.97959e+07
5.98022e+07
5.98084e+07
5.98145e+07
5.98207e+07
5.98268e+07
5.98329e+07
5.9839e+07
5.9845e+07
5.98511e+07
5.98573e+07
5.98635e+07
5.98697e+07
5.9876e+07
5.98823e+07
5.98887e+07
5.98952e+07
5.99018e+07
5.99085e+07
5.99153e+07
5.99222e+07
5.99292e+07
5.99363e+07
5.99435e+07
5.99508e+07
5.99582e+07
5.99657e+07
5.99733e+07
5.99809e+07
5.99887e+07
5.99966e+07
6.00045e+07
6.00124e+07
6.00205e+07
6.00285e+07
6.00366e+07
6.00447e+07
6.00528e+07
6.00609e+07
6.00689e+07
6.00769e+07
6.00848e+07
6.00926e+07
6.01003e+07
6.01079e+07
6.01154e+07
6.01227e+07
6.01298e+07
6.01368e+07
6.01435e+07
6.01499e+07
6.01562e+07
6.01621e+07
6.01678e+07
6.01731e+07
6.01782e+07
6.01828e+07
6.01871e+07
6.01911e+07
6.01946e+07
6.01978e+07
