295.832
295.808
295.739
295.624
295.462
295.254
295
294.699
294.351
293.957
293.516
293.027
292.492
291.909
291.279
290.6
289.874
289.1
288.277
287.406
286.486
285.517
284.498
283.431
282.313
281.146
279.928
278.66
277.342
275.973
274.553
273.082
271.56
269.986
268.361
266.685
264.956
263.177
261.346
259.463
257.53
255.545
253.509
251.423
249.287
247.102
244.867
242.584
240.254
237.877
235.454
232.987
230.476
227.923
225.33
222.698
220.028
217.323
214.585
211.815
209.017
206.192
203.344
200.474
197.587
194.684
191.77
188.847
185.919
182.989
180.062
177.14
174.228
171.329
168.447
165.587
162.751
159.945
157.171
154.434
151.737
149.084
146.479
143.925
141.425
138.983
136.601
134.283
132.031
129.847
127.734
125.693
123.727
121.838
120.026
118.293
116.64
115.067
113.576
112.166
110.837
109.59
108.425
107.34
106.335
105.41
104.564
103.795
103.102
102.484
101.939
101.466
101.063
100.728
100.46
100.256
100.115
100.033
100.01
100.043
100.13
100.269
100.457
100.692
100.972
101.294
101.657
102.058
102.495
102.966
103.468
104
104.559
105.143
105.75
106.379
107.027
107.692
108.373
109.068
109.774
110.491
111.217
111.95
112.688
113.431
114.176
114.923
115.669
116.415
117.158
117.898
118.633
119.363
120.086
120.802
121.509
122.207
122.896
123.573
124.24
124.894
125.536
126.165
126.781
127.382
127.97
128.542
129.1
129.642
130.169
130.68
131.175
131.654
132.116
132.563
132.993
133.406
133.803
134.184
134.549
134.897
135.229
135.545
135.845
136.13
136.398
136.652
136.89
137.113
137.321
137.515
137.694
137.86
138.011
138.149
138.274
138.385
138.484
138.571
138.645
138.708
138.759
138.8
138.829
138.848
138.856
138.855
138.844
138.824
138.795
138.758
138.713
138.66
138.599
138.532
138.457
138.376
138.29
138.197
138.099
137.997
137.889
137.778
137.662
137.543
137.42
137.295
137.167
137.036
136.904
136.77
136.635
136.499
136.363
136.226
136.088
135.952
135.815
135.68
135.546
135.413
135.282
135.153
135.026
134.902
134.78
134.662
134.547
134.435
134.327
134.223
134.123
134.027
133.936
133.85
133.769
133.692
133.621
133.555
133.495
133.44
133.391
133.348
133.31
133.279
133.253
133.233
133.22
133.212
133.211
133.216
133.226
133.243
133.266
133.295
133.33
133.37
133.417
133.469
133.526
133.589
133.658
133.732
133.811
133.895
133.984
134.078
134.177
134.279
134.387
134.498
134.614
134.733
134.856
134.982
135.112
135.245
135.38
135.519
135.66
135.804
135.95
136.098
136.248
136.4
136.554
136.709
136.865
137.023
137.182
137.342
137.503
137.665
137.827
137.99
138.154
138.318
138.483
138.648
138.813
138.979
139.144
139.311
139.477
139.643
139.81
139.977
140.145
140.312
140.48
140.649
140.817
140.986
141.156
141.326
141.497
141.668
141.84
142.013
142.186
142.36
142.536
142.712
142.889
143.067
143.246
143.426
143.607
143.789
143.972
144.156
144.342
144.528
144.715
144.904
145.093
145.283
145.474
145.666
145.858
146.051
146.245
146.438
146.633
146.827
147.022
147.217
147.412
147.607
147.802
147.996
148.19
148.383
148.576
148.768
148.959
149.149
149.338
149.525
149.712
149.897
150.081
150.263
150.443
150.621
150.798
150.972
151.144
151.314
151.482
151.647
151.81
151.971
152.128
152.283
152.435
152.584
152.73
152.873
153.013
153.149
153.283
153.413
153.54
153.663
153.783
153.9
154.013
154.122
154.228
154.33
154.429
154.524
154.616
154.704
154.789
154.87
154.947
155.021
155.091
155.158
155.221
155.281
155.337
155.39
155.439
155.485
155.528
155.568
155.604
155.638
155.668
155.695
155.719
155.74
155.758
155.774
155.787
155.797
155.804
155.809
155.812
155.812
155.81
155.805
155.798
155.79
155.779
155.766
155.751
155.735
155.716
155.696
155.674
155.651
155.626
155.6
155.572
155.544
155.513
155.482
155.449
155.415
155.381
155.345
155.308
155.27
155.232
155.192
155.152
155.111
155.069
155.026
154.983
154.94
154.895
154.85
154.805
154.759
154.713
154.666
154.619
154.571
154.523
154.475
154.427
154.378
154.329
154.28
154.231
154.181
154.132
154.082
154.033
153.983
153.933
153.883
153.834
153.784
153.734
153.685
153.635
153.585
153.536
153.486
153.437
153.388
153.338
153.289
153.24
153.191
153.142
153.094
153.045
152.997
152.949
152.901
152.853
152.805
152.758
152.711
152.664
152.618
152.572
152.526
152.481
152.436
152.392
152.349
152.306
152.264
152.223
152.182
152.142
152.103
152.066
152.029
151.993
151.958
151.925
151.893
151.862
151.833
151.805
151.778
151.754
151.73
151.709
151.689
151.671
151.654
151.64
151.627
151.616
151.607
151.601
151.596
151.593
151.592
151.593
151.596
151.602
151.609
151.618
151.63
151.643
151.659
151.676
151.696
151.718
151.741
151.767
151.794
151.824
151.855
151.888
151.923
151.959
151.998
152.038
152.079
152.123
152.167
152.214
152.261
152.31
152.361
152.412
152.465
152.519
152.573
152.629
152.686
152.743
152.801
152.86
152.92
152.98
153.04
153.101
153.162
153.223
153.284
153.346
153.407
153.468
153.53
153.591
153.651
153.712
153.772
153.832
153.891
153.95
154.008
154.065
154.122
154.178
154.233
154.287
154.341
154.393
154.444
154.495
154.544
154.593
154.64
154.686
154.73
154.773
154.816
154.856
154.895
154.933
154.97
155.005
155.038
155.07
155.1
155.129
155.156
155.181
155.205
155.226
155.247
155.265
155.281
155.296
155.309
155.32
155.329
155.336
155.342
155.345
155.346
155.346
155.343
155.339
155.333
155.324
155.314
155.302
155.288
155.272
155.254
155.234
155.212
155.188
155.162
155.135
155.106
155.075
155.043
155.009
154.973
154.936
154.897
154.857
154.816
154.774
154.73
154.685
154.64
154.593
154.546
154.498
154.45
154.401
154.352
154.303
154.254
154.205
154.156
154.108
154.06
154.013
153.966
153.921
153.876
153.833
153.791
153.75
153.711
153.674
153.639
153.605
153.574
153.545
153.518
153.493
153.471
153.451
153.434
153.42
153.408
153.398
153.392
153.388
153.386
153.388
153.392
153.399
153.408
153.42
153.435
153.452
153.472
153.494
153.518
153.544
153.573
153.604
153.636
153.671
153.708
153.746
153.786
153.827
153.871
153.915
153.961
154.009
154.057
154.107
154.157
154.209
154.261
154.315
154.369
154.424
154.479
154.535
154.591
154.648
154.704
154.762
154.819
154.876
154.933
154.99
155.047
155.104
155.16
155.216
155.271
155.325
155.379
155.433
155.485
155.536
155.587
155.636
155.685
155.732
155.778
155.822
155.865
155.907
155.947
155.986
156.024
156.059
156.094
156.126
156.157
156.186
156.214
156.24
156.265
156.288
156.309
156.329
156.347
156.364
156.38
156.394
156.406
156.418
156.428
156.437
156.446
156.453
156.459
156.464
156.469
156.473
156.477
156.48
156.482
156.485
156.487
156.488
156.49
156.492
156.493
156.495
156.497
156.5
156.502
156.505
156.508
156.512
156.517
156.521
156.527
156.533
156.54
156.547
156.556
156.564
156.574
156.585
156.596
156.608
156.621
156.635
156.65
156.665
156.682
156.699
156.717
156.735
156.755
156.776
156.797
156.819
156.842
156.865
156.889
156.914
156.94
156.966
156.993
157.02
157.048
157.077
157.106
157.135
157.165
157.195
157.225
157.256
157.287
157.317
157.348
157.379
157.41
157.44
157.471
157.501
157.531
157.56
157.589
157.617
157.645
157.671
157.698
157.723
157.747
157.77
157.792
157.813
157.833
157.852
157.869
157.885
157.899
157.912
157.923
157.933
157.941
157.947
157.952
157.955
157.957
157.957
157.955
157.951
157.946
157.939
157.93
157.92
157.908
157.894
157.879
157.862
157.844
157.824
157.802
157.779
157.755
157.729
157.702
157.674
157.644
157.613
157.581
157.547
157.513
157.477
157.44
157.403
157.364
157.324
157.283
157.242
157.2
157.156
157.112
157.068
157.022
156.976
156.929
156.882
156.834
156.785
156.736
156.687
156.637
156.586
156.535
156.484
156.432
156.381
156.329
156.276
156.224
156.171
156.119
156.066
156.014
155.961
155.909
155.856
155.804
155.752
155.7
155.649
155.598
155.547
155.496
155.446
155.397
155.348
155.299
155.251
155.204
155.157
155.11
155.065
155.02
154.975
154.931
154.888
154.846
154.804
154.763
154.723
154.683
154.644
154.605
154.568
154.531
154.494
154.459
154.424
154.389
154.356
154.322
154.29
154.258
154.227
154.196
154.166
154.136
154.107
154.079
154.051
154.023
153.996
153.97
153.944
153.919
153.894
153.87
153.847
153.824
153.802
153.781
153.76
153.74
153.721
153.702
153.685
153.668
153.653
153.638
153.624
153.612
153.601
153.59
153.582
153.574
153.568
153.563
153.559
153.557
153.557
153.558
153.561
153.565
153.57
153.578
153.587
153.597
153.61
153.623
153.639
153.656
153.674
153.694
153.716
153.738
153.763
153.788
153.815
153.843
153.872
153.903
153.934
153.966
154
154.034
154.069
154.104
154.14
154.177
154.214
154.252
154.29
154.328
154.367
154.405
154.444
154.482
154.521
154.559
154.598
154.635
154.673
154.71
154.747
154.783
154.818
154.853
154.887
154.921
154.953
154.985
155.015
155.045
155.074
155.101
155.127
155.152
155.176
155.198
155.219
155.239
155.257
155.273
155.288
155.302
155.313
155.323
155.332
155.338
155.343
155.346
155.348
155.347
155.345
155.341
155.335
155.327
155.317
155.306
155.293
155.278
155.262
155.243
155.223
155.202
155.179
155.154
155.128
155.101
155.072
155.043
155.012
154.98
154.947
154.913
154.878
154.843
154.807
154.771
154.734
154.697
154.66
154.623
154.586
154.548
154.512
154.475
154.439
154.403
154.368
154.334
154.3
154.267
154.235
154.204
154.174
154.145
154.117
154.09
154.065
154.04
154.017
153.996
153.975
153.956
153.939
153.922
153.908
153.895
153.883
153.873
153.864
153.857
153.851
153.847
153.844
153.843
153.844
153.846
153.85
153.855
153.862
153.87
153.88
153.892
153.905
153.919
153.936
153.954
153.973
153.994
154.016
154.04
154.065
154.092
154.12
154.15
154.18
154.213
154.246
154.281
154.316
154.353
154.391
154.43
154.47
154.51
154.551
154.593
154.636
154.679
154.722
154.766
154.81
154.854
154.898
154.942
154.986
155.029
155.072
155.115
155.157
155.199
155.239
155.279
155.319
155.357
155.394
155.43
155.465
155.499
155.532
155.563
155.593
155.622
155.649
155.675
155.7
155.723
155.745
155.765
155.784
155.802
155.818
155.833
155.846
155.859
155.87
155.879
155.888
155.895
155.901
155.906
155.91
155.912
155.914
155.915
155.915
155.914
155.912
155.909
155.906
155.902
155.898
155.893
155.887
155.881
155.874
155.867
155.86
155.852
155.845
155.837
155.829
155.821
155.812
155.804
155.796
155.788
155.78
155.772
155.764
155.756
155.749
155.742
155.735
155.728
155.722
155.716
155.71
155.705
155.699
155.694
155.69
155.686
155.681
155.678
155.674
155.671
155.667
155.664
155.661
155.658
155.656
155.653
155.65
155.648
155.645
155.642
155.639
155.637
155.633
155.63
155.627
155.623
155.619
155.615
155.61
155.606
155.601
155.595
155.59
155.584
155.578
155.571
155.564
155.557
155.55
155.542
155.534
155.526
155.517
155.508
155.5
155.491
155.481
155.472
155.463
155.454
155.445
155.435
155.426
155.417
155.409
155.4
155.392
155.383
155.376
155.368
155.361
155.354
155.348
155.342
155.337
155.332
155.328
155.325
155.322
155.319
155.318
155.317
155.317
155.317
155.319
155.321
155.323
155.327
155.332
155.337
155.343
155.35
155.358
155.366
155.376
155.386
155.397
155.41
155.422
155.436
155.451
155.466
155.482
155.499
155.517
155.536
155.555
155.575
155.596
155.617
155.639
155.662
155.685
155.709
155.734
155.759
155.784
155.81
155.837
155.864
155.891
155.918
155.945
155.973
156.001
156.029
156.057
156.085
156.112
156.14
156.167
156.194
156.221
156.247
156.272
156.297
156.322
156.345
156.368
156.39
156.411
156.431
156.449
156.467
156.484
156.499
156.513
156.525
156.536
156.546
156.554
156.561
156.566
156.569
156.571
156.572
156.57
156.567
156.562
156.556
156.548
156.538
156.527
156.514
156.5
156.484
156.467
156.448
156.428
156.406
156.383
156.359
156.334
156.307
156.28
156.251
156.222
156.191
156.16
156.128
156.095
156.062
156.028
155.993
155.958
155.922
155.886
155.85
155.813
155.776
155.738
155.7
155.662
155.624
155.586
155.547
155.508
155.468
155.429
155.389
155.349
155.309
155.268
155.227
155.185
155.144
155.102
155.059
155.016
154.973
154.929
154.885
154.84
154.795
154.75
154.703
154.657
154.61
154.562
154.514
154.466
154.417
154.367
154.318
154.268
154.218
154.167
154.116
154.066
154.015
153.964
153.913
153.862
153.812
153.762
153.712
153.662
153.613
153.565
153.517
153.47
153.424
153.379
153.335
153.291
153.249
153.208
153.168
153.13
153.093
153.058
153.024
152.991
152.96
152.931
152.904
152.878
152.854
152.832
152.811
152.793
152.776
152.761
152.748
152.737
152.727
152.72
152.714
152.71
152.708
152.707
152.709
152.712
152.716
152.723
152.731
152.74
152.751
152.764
152.777
152.793
152.809
152.827
152.846
152.866
152.887
152.91
152.933
152.957
152.983
153.009
153.036
153.064
153.092
153.122
153.152
153.183
153.214
153.246
153.279
153.312
153.346
153.38
153.414
153.45
153.485
153.521
153.558
153.595
153.632
153.67
153.708
153.746
153.785
153.825
153.864
153.904
153.945
153.986
154.027
154.069
154.111
154.153
154.196
154.24
154.283
154.328
154.373
154.418
154.464
154.511
154.558
154.605
154.653
154.702
154.751
154.801
154.852
154.903
154.955
155.007
155.06
155.113
155.167
155.222
155.277
155.332
155.388
155.445
155.502
155.559
155.617
155.675
155.733
155.792
155.85
155.909
155.968
156.026
156.085
156.144
156.202
156.26
156.318
156.376
156.433
156.49
156.546
156.602
156.657
156.711
156.765
156.817
156.869
156.92
156.97
157.019
157.067
157.114
157.159
157.204
157.247
157.289
157.33
157.37
157.408
157.445
157.48
157.515
157.547
157.579
157.609
157.637
157.664
157.689
157.714
157.736
157.757
157.777
157.795
157.811
157.826
157.84
157.852
157.863
157.872
157.879
157.885
157.89
157.892
157.894
157.894
157.892
157.889
157.884
157.878
157.87
157.861
157.85
157.838
157.824
157.809
157.792
157.774
157.754
157.733
157.71
157.686
157.66
157.633
157.605
157.575
157.544
157.511
157.477
157.442
157.405
157.368
157.329
157.288
157.247
157.204
157.16
157.115
157.07
157.023
156.975
156.926
156.876
156.825
156.774
156.722
156.668
156.615
156.56
156.505
156.448
156.392
156.334
156.276
156.217
156.157
156.097
156.036
155.974
155.912
155.848
155.785
155.72
155.655
155.588
155.521
155.454
155.385
155.316
155.247
155.176
155.105
155.033
154.96
154.887
154.813
154.739
154.664
154.589
154.513
154.437
154.361
154.285
154.208
154.132
154.055
153.979
153.903
153.827
153.752
153.677
153.603
153.53
153.458
153.386
153.316
153.246
153.178
153.112
153.047
152.983
152.922
152.862
152.804
152.749
152.695
152.644
152.596
152.549
152.506
152.465
152.427
152.392
152.36
152.331
152.305
152.281
152.261
152.245
152.231
152.22
152.213
152.208
152.207
152.209
152.214
152.221
152.232
152.246
152.262
152.281
152.303
152.327
152.354
152.384
152.416
152.45
152.486
152.525
152.565
152.608
152.653
152.699
152.747
152.797
152.848
152.901
152.955
153.011
153.068
153.125
153.184
153.244
153.305
153.366
153.428
153.49
153.553
153.616
153.679
153.742
153.805
153.868
153.93
153.992
154.053
154.113
154.173
154.232
154.29
154.346
154.401
154.455
154.508
154.559
154.609
154.657
154.704
154.748
154.792
154.833
154.873
154.911
154.947
154.981
155.014
155.045
155.074
155.102
155.128
155.152
155.175
155.197
155.217
155.235
155.253
155.269
155.285
155.299
155.312
155.325
155.336
155.347
155.358
155.368
155.377
155.387
155.396
155.404
155.413
155.422
155.431
155.44
155.45
155.46
155.47
155.48
155.492
155.503
155.516
155.529
155.542
155.556
155.571
155.587
155.603
155.62
155.638
155.656
155.675
155.695
155.715
155.735
155.756
155.778
155.8
155.822
155.844
155.867
155.89
155.913
155.936
155.959
155.981
156.004
156.027
156.049
156.072
156.094
156.115
156.137
156.158
156.178
156.199
156.219
156.238
156.258
156.276
156.295
156.313
156.331
156.348
156.366
156.382
156.399
156.416
156.432
156.448
156.464
156.48
156.496
156.512
156.527
156.543
156.559
156.575
156.591
156.607
156.624
156.64
156.657
156.674
156.692
156.709
156.727
156.745
156.764
156.783
156.802
156.821
156.841
156.861
156.881
156.902
156.922
156.943
156.965
156.986
157.008
157.029
157.051
157.073
157.095
157.116
157.138
157.16
157.181
157.202
157.223
157.244
157.264
157.284
157.303
157.322
157.341
157.358
157.375
157.392
157.407
157.422
157.435
157.448
157.46
157.471
157.481
157.49
