0
1e-15
2e-15
3e-15
4e-15
5e-15
6e-15
7e-15
8e-15
9e-15
1e-14
1.1e-14
1.2e-14
1.3e-14
1.4e-14
1.5e-14
1.6e-14
1.7e-14
1.8e-14
1.9e-14
2e-14
2.1e-14
2.2e-14
2.3e-14
2.4e-14
2.5e-14
2.6e-14
2.7e-14
2.8e-14
2.9e-14
3e-14
3.1e-14
3.2e-14
3.3e-14
3.4e-14
3.5e-14
3.6e-14
3.7e-14
3.8e-14
3.9e-14
4e-14
4.1e-14
4.2e-14
4.3e-14
4.4e-14
4.5e-14
4.6e-14
4.7e-14
4.8e-14
4.9e-14
5e-14
5.1e-14
5.2e-14
5.3e-14
5.4e-14
5.5e-14
5.6e-14
5.7e-14
5.8e-14
5.9e-14
6e-14
6.1e-14
6.2e-14
6.3e-14
6.4e-14
6.5e-14
6.6e-14
6.7e-14
6.8e-14
6.9e-14
7e-14
7.1e-14
7.2e-14
7.3e-14
7.4e-14
7.5e-14
7.6e-14
7.7e-14
7.8e-14
7.9e-14
8e-14
8.1e-14
8.2e-14
8.3e-14
8.4e-14
8.5e-14
8.6e-14
8.7e-14
8.8e-14
8.9e-14
9e-14
9.1e-14
9.2e-14
9.3e-14
9.4e-14
9.5e-14
9.6e-14
9.7e-14
9.8e-14
9.9e-14
1e-13
1.01e-13
1.02e-13
1.03e-13
1.04e-13
1.05e-13
1.06e-13
1.07e-13
1.08e-13
1.09e-13
1.1e-13
1.11e-13
1.12e-13
1.13e-13
1.14e-13
1.15e-13
1.16e-13
1.17e-13
1.18e-13
1.19e-13
1.2e-13
1.21e-13
1.22e-13
1.23e-13
1.24e-13
1.25e-13
1.26e-13
1.27e-13
1.28e-13
1.29e-13
1.3e-13
1.31e-13
1.32e-13
1.33e-13
1.34e-13
1.35e-13
1.36e-13
1.37e-13
1.38e-13
1.39e-13
1.4e-13
1.41e-13
1.42e-13
1.43e-13
1.44e-13
1.45e-13
1.46e-13
1.47e-13
1.48e-13
1.49e-13
1.5e-13
1.51e-13
1.52e-13
1.53e-13
1.54e-13
1.55e-13
1.56e-13
1.57e-13
1.58e-13
1.59e-13
1.6e-13
1.61e-13
1.62e-13
1.63e-13
1.64e-13
1.65e-13
1.66e-13
1.67e-13
1.68e-13
1.69e-13
1.7e-13
1.71e-13
1.72e-13
1.73e-13
1.74e-13
1.75e-13
1.76e-13
1.77e-13
1.78e-13
1.79e-13
1.8e-13
1.81e-13
1.82e-13
1.83e-13
1.84e-13
1.85e-13
1.86e-13
1.87e-13
1.88e-13
1.89e-13
1.9e-13
1.91e-13
1.92e-13
1.93e-13
1.94e-13
1.95e-13
1.96e-13
1.97e-13
1.98e-13
1.99e-13
2e-13
2.01e-13
2.02e-13
2.03e-13
2.04e-13
2.05e-13
2.06e-13
2.07e-13
2.08e-13
2.09e-13
2.1e-13
2.11e-13
2.12e-13
2.13e-13
2.14e-13
2.15e-13
2.16e-13
2.17e-13
2.18e-13
2.19e-13
2.2e-13
2.21e-13
2.22e-13
2.23e-13
2.24e-13
2.25e-13
2.26e-13
2.27e-13
2.28e-13
2.29e-13
2.3e-13
2.31e-13
2.32e-13
2.33e-13
2.34e-13
2.35e-13
2.36e-13
2.37e-13
2.38e-13
2.39e-13
2.4e-13
2.41e-13
2.42e-13
2.43e-13
2.44e-13
2.45e-13
2.46e-13
2.47e-13
2.48e-13
2.49e-13
2.5e-13
2.51e-13
2.52e-13
2.53e-13
2.54e-13
2.55e-13
2.56e-13
2.57e-13
2.58e-13
2.59e-13
2.6e-13
2.61e-13
2.62e-13
2.63e-13
2.64e-13
2.65e-13
2.66e-13
2.67e-13
2.68e-13
2.69e-13
2.7e-13
2.71e-13
2.72e-13
2.73e-13
2.74e-13
2.75e-13
2.76e-13
2.77e-13
2.78e-13
2.79e-13
2.8e-13
2.81e-13
2.82e-13
2.83e-13
2.84e-13
2.85e-13
2.86e-13
2.87e-13
2.88e-13
2.89e-13
2.9e-13
2.91e-13
2.92e-13
2.93e-13
2.94e-13
2.95e-13
2.96e-13
2.97e-13
2.98e-13
2.99e-13
3e-13
3.01e-13
3.02e-13
3.03e-13
3.04e-13
3.05e-13
3.06e-13
3.07e-13
3.08e-13
3.09e-13
3.1e-13
3.11e-13
3.12e-13
3.13e-13
3.14e-13
3.15e-13
3.16e-13
3.17e-13
3.18e-13
3.19e-13
3.2e-13
3.21e-13
3.22e-13
3.23e-13
3.24e-13
3.25e-13
3.26e-13
3.27e-13
3.28e-13
3.29e-13
3.3e-13
3.31e-13
3.32e-13
3.33e-13
3.34e-13
3.35e-13
3.36e-13
3.37e-13
3.38e-13
3.39e-13
3.4e-13
3.41e-13
3.42e-13
3.43e-13
3.44e-13
3.45e-13
3.46e-13
3.47e-13
3.48e-13
3.49e-13
3.5e-13
3.51e-13
3.52e-13
3.53e-13
3.54e-13
3.55e-13
3.56e-13
3.57e-13
3.58e-13
3.59e-13
3.6e-13
3.61e-13
3.62e-13
3.63e-13
3.64e-13
3.65e-13
3.66e-13
3.67e-13
3.68e-13
3.69e-13
3.7e-13
3.71e-13
3.72e-13
3.73e-13
3.74e-13
3.75e-13
3.76e-13
3.77e-13
3.78e-13
3.79e-13
3.8e-13
3.81e-13
3.82e-13
3.83e-13
3.84e-13
3.85e-13
3.86e-13
3.87e-13
3.88e-13
3.89e-13
3.9e-13
3.91e-13
3.92e-13
3.93e-13
3.94e-13
3.95e-13
3.96e-13
3.97e-13
3.98e-13
3.99e-13
4e-13
4.01e-13
4.02e-13
4.03e-13
4.04e-13
4.05e-13
4.06e-13
4.07e-13
4.08e-13
4.09e-13
4.1e-13
4.11e-13
4.12e-13
4.13e-13
4.14e-13
4.15e-13
4.16e-13
4.17e-13
4.18e-13
4.19e-13
4.2e-13
4.21e-13
4.22e-13
4.23e-13
4.24e-13
4.25e-13
4.26e-13
4.27e-13
4.28e-13
4.29e-13
4.3e-13
4.31e-13
4.32e-13
4.33e-13
4.34e-13
4.35e-13
4.36e-13
4.37e-13
4.38e-13
4.39e-13
4.4e-13
4.41e-13
4.42e-13
4.43e-13
4.44e-13
4.45e-13
4.46e-13
4.47e-13
4.48e-13
4.49e-13
4.5e-13
4.51e-13
4.52e-13
4.53e-13
4.54e-13
4.55e-13
4.56e-13
4.57e-13
4.58e-13
4.59e-13
4.6e-13
4.61e-13
4.62e-13
4.63e-13
4.64e-13
4.65e-13
4.66e-13
4.67e-13
4.68e-13
4.69e-13
4.7e-13
4.71e-13
4.72e-13
4.73e-13
4.74e-13
4.75e-13
4.76e-13
4.77e-13
4.78e-13
4.79e-13
4.8e-13
4.81e-13
4.82e-13
4.83e-13
4.84e-13
4.85e-13
4.86e-13
4.87e-13
4.88e-13
4.89e-13
4.9e-13
4.91e-13
4.92e-13
4.93e-13
4.94e-13
4.95e-13
4.96e-13
4.97e-13
4.98e-13
4.99e-13
5e-13
5.01e-13
5.02e-13
5.03e-13
5.04e-13
5.05e-13
5.06e-13
5.07e-13
5.08e-13
5.09e-13
5.1e-13
5.11e-13
5.12e-13
5.13e-13
5.14e-13
5.15e-13
5.16e-13
5.17e-13
5.18e-13
5.19e-13
5.2e-13
5.21e-13
5.22e-13
5.23e-13
5.24e-13
5.25e-13
5.26e-13
5.27e-13
5.28e-13
5.29e-13
5.3e-13
5.31e-13
5.32e-13
5.33e-13
5.34e-13
5.35e-13
5.36e-13
5.37e-13
5.38e-13
5.39e-13
5.4e-13
5.41e-13
5.42e-13
5.43e-13
5.44e-13
5.45e-13
5.46e-13
5.47e-13
5.48e-13
5.49e-13
5.5e-13
5.51e-13
5.52e-13
5.53e-13
5.54e-13
5.55e-13
5.56e-13
5.57e-13
5.58e-13
5.59e-13
5.6e-13
5.61e-13
5.62e-13
5.63e-13
5.64e-13
5.65e-13
5.66e-13
5.67e-13
5.68e-13
5.69e-13
5.7e-13
5.71e-13
5.72e-13
5.73e-13
5.74e-13
5.75e-13
5.76e-13
5.77e-13
5.78e-13
5.79e-13
5.8e-13
5.81e-13
5.82e-13
5.83e-13
5.84e-13
5.85e-13
5.86e-13
5.87e-13
5.88e-13
5.89e-13
5.9e-13
5.91e-13
5.92e-13
5.93e-13
5.94e-13
5.95e-13
5.96e-13
5.97e-13
5.98e-13
5.99e-13
6e-13
6.01e-13
6.02e-13
6.03e-13
6.04e-13
6.05e-13
6.06e-13
6.07e-13
6.08e-13
6.09e-13
6.1e-13
6.11e-13
6.12e-13
6.13e-13
6.14e-13
6.15e-13
6.16e-13
6.17e-13
6.18e-13
6.19e-13
6.2e-13
6.21e-13
6.22e-13
6.23e-13
6.24e-13
6.25e-13
6.26e-13
6.27e-13
6.28e-13
6.29e-13
6.3e-13
6.31e-13
6.32e-13
6.33e-13
6.34e-13
6.35e-13
6.36e-13
6.37e-13
6.38e-13
6.39e-13
6.4e-13
6.41e-13
6.42e-13
6.43e-13
6.44e-13
6.45e-13
6.46e-13
6.47e-13
6.48e-13
6.49e-13
6.5e-13
6.51e-13
6.52e-13
6.53e-13
6.54e-13
6.55e-13
6.56e-13
6.57e-13
6.58e-13
6.59e-13
6.6e-13
6.61e-13
6.62e-13
6.63e-13
6.64e-13
6.65e-13
6.66e-13
6.67e-13
6.68e-13
6.69e-13
6.7e-13
6.71e-13
6.72e-13
6.73e-13
6.74e-13
6.75e-13
6.76e-13
6.77e-13
6.78e-13
6.79e-13
6.8e-13
6.81e-13
6.82e-13
6.83e-13
6.84e-13
6.85e-13
6.86e-13
6.87e-13
6.88e-13
6.89e-13
6.9e-13
6.91e-13
6.92e-13
6.93e-13
6.94e-13
6.95e-13
6.96e-13
6.97e-13
6.98e-13
6.99e-13
7e-13
7.01e-13
7.02e-13
7.03e-13
7.04e-13
7.05e-13
7.06e-13
7.07e-13
7.08e-13
7.09e-13
7.1e-13
7.11e-13
7.12e-13
7.13e-13
7.14e-13
7.15e-13
7.16e-13
7.17e-13
7.18e-13
7.19e-13
7.2e-13
7.21e-13
7.22e-13
7.23e-13
7.24e-13
7.25e-13
7.26e-13
7.27e-13
7.28e-13
7.29e-13
7.3e-13
7.31e-13
7.32e-13
7.33e-13
7.34e-13
7.35e-13
7.36e-13
7.37e-13
7.38e-13
7.39e-13
7.4e-13
7.41e-13
7.42e-13
7.43e-13
7.44e-13
7.45e-13
7.46e-13
7.47e-13
7.48e-13
7.49e-13
7.5e-13
7.51e-13
7.52e-13
7.53e-13
7.54e-13
7.55e-13
7.56e-13
7.57e-13
7.58e-13
7.59e-13
7.6e-13
7.61e-13
7.62e-13
7.63e-13
7.64e-13
7.65e-13
7.66e-13
7.67e-13
7.68e-13
7.69e-13
7.7e-13
7.71e-13
7.72e-13
7.73e-13
7.74e-13
7.75e-13
7.76e-13
7.77e-13
7.78e-13
7.79e-13
7.8e-13
7.81e-13
7.82e-13
7.83e-13
7.84e-13
7.85e-13
7.86e-13
7.87e-13
7.88e-13
7.89e-13
7.9e-13
7.91e-13
7.92e-13
7.93e-13
7.94e-13
7.95e-13
7.96e-13
7.97e-13
7.98e-13
7.99e-13
8e-13
8.01e-13
8.02e-13
8.03e-13
8.04e-13
8.05e-13
8.06e-13
8.07e-13
8.08e-13
8.09e-13
8.1e-13
8.11e-13
8.12e-13
8.13e-13
8.14e-13
8.15e-13
8.16e-13
8.17e-13
8.18e-13
8.19e-13
8.2e-13
8.21e-13
8.22e-13
8.23e-13
8.24e-13
8.25e-13
8.26e-13
8.27e-13
8.28e-13
8.29e-13
8.3e-13
8.31e-13
8.32e-13
8.33e-13
8.34e-13
8.35e-13
8.36e-13
8.37e-13
8.38e-13
8.39e-13
8.4e-13
8.41e-13
8.42e-13
8.43e-13
8.44e-13
8.45e-13
8.46e-13
8.47e-13
8.48e-13
8.49e-13
8.5e-13
8.51e-13
8.52e-13
8.53e-13
8.54e-13
8.55e-13
8.56e-13
8.57e-13
8.58e-13
8.59e-13
8.6e-13
8.61e-13
8.62e-13
8.63e-13
8.64e-13
8.65e-13
8.66e-13
8.67e-13
8.68e-13
8.69e-13
8.7e-13
8.71e-13
8.72e-13
8.73e-13
8.74e-13
8.75e-13
8.76e-13
8.77e-13
8.78e-13
8.79e-13
8.8e-13
8.81e-13
8.82e-13
8.83e-13
8.84e-13
8.85e-13
8.86e-13
8.87e-13
8.88e-13
8.89e-13
8.9e-13
8.91e-13
8.92e-13
8.93e-13
8.94e-13
8.95e-13
8.96e-13
8.97e-13
8.98e-13
8.99e-13
9e-13
9.01e-13
9.02e-13
9.03e-13
9.04e-13
9.05e-13
9.06e-13
9.07e-13
9.08e-13
9.09e-13
9.1e-13
9.11e-13
9.12e-13
9.13e-13
9.14e-13
9.15e-13
9.16e-13
9.17e-13
9.18e-13
9.19e-13
9.2e-13
9.21e-13
9.22e-13
9.23e-13
9.24e-13
9.25e-13
9.26e-13
9.27e-13
9.28e-13
9.29e-13
9.3e-13
9.31e-13
9.32e-13
9.33e-13
9.34e-13
9.35e-13
9.36e-13
9.37e-13
9.38e-13
9.39e-13
9.4e-13
9.41e-13
9.42e-13
9.43e-13
9.44e-13
9.45e-13
9.46e-13
9.47e-13
9.48e-13
9.49e-13
9.5e-13
9.51e-13
9.52e-13
9.53e-13
9.54e-13
9.55e-13
9.56e-13
9.57e-13
9.58e-13
9.59e-13
9.6e-13
9.61e-13
9.62e-13
9.63e-13
9.64e-13
9.65e-13
9.66e-13
9.67e-13
9.68e-13
9.69e-13
9.7e-13
9.71e-13
9.72e-13
9.73e-13
9.74e-13
9.75e-13
9.76e-13
9.77e-13
9.78e-13
9.79e-13
9.8e-13
9.81e-13
9.82e-13
9.83e-13
9.84e-13
9.85e-13
9.86e-13
9.87e-13
9.88e-13
9.89e-13
9.9e-13
9.91e-13
9.92e-13
9.93e-13
9.94e-13
9.95e-13
9.96e-13
9.97e-13
9.98e-13
9.99e-13
1e-12
1.001e-12
1.002e-12
1.003e-12
1.004e-12
1.005e-12
1.006e-12
1.007e-12
1.008e-12
1.009e-12
1.01e-12
1.011e-12
1.012e-12
1.013e-12
1.014e-12
1.015e-12
1.016e-12
1.017e-12
1.018e-12
1.019e-12
1.02e-12
1.021e-12
1.022e-12
1.023e-12
1.024e-12
1.025e-12
1.026e-12
1.027e-12
1.028e-12
1.029e-12
1.03e-12
1.031e-12
1.032e-12
1.033e-12
1.034e-12
1.035e-12
1.036e-12
1.037e-12
1.038e-12
1.039e-12
1.04e-12
1.041e-12
1.042e-12
1.043e-12
1.044e-12
1.045e-12
1.046e-12
1.047e-12
1.048e-12
1.049e-12
1.05e-12
1.051e-12
1.052e-12
1.053e-12
1.054e-12
1.055e-12
1.056e-12
1.057e-12
1.058e-12
1.059e-12
1.06e-12
1.061e-12
1.062e-12
1.063e-12
1.064e-12
1.065e-12
1.066e-12
1.067e-12
1.068e-12
1.069e-12
1.07e-12
1.071e-12
1.072e-12
1.073e-12
1.074e-12
1.075e-12
1.076e-12
1.077e-12
1.078e-12
1.079e-12
1.08e-12
1.081e-12
1.082e-12
1.083e-12
1.084e-12
1.085e-12
1.086e-12
1.087e-12
1.088e-12
1.089e-12
1.09e-12
1.091e-12
1.092e-12
1.093e-12
1.094e-12
1.095e-12
1.096e-12
1.097e-12
1.098e-12
1.099e-12
1.1e-12
1.101e-12
1.102e-12
1.103e-12
1.104e-12
1.105e-12
1.106e-12
1.107e-12
1.108e-12
1.109e-12
1.11e-12
1.111e-12
1.112e-12
1.113e-12
1.114e-12
1.115e-12
1.116e-12
1.117e-12
1.118e-12
1.119e-12
1.12e-12
1.121e-12
1.122e-12
1.123e-12
1.124e-12
1.125e-12
1.126e-12
1.127e-12
1.128e-12
1.129e-12
1.13e-12
1.131e-12
1.132e-12
1.133e-12
1.134e-12
1.135e-12
1.136e-12
1.137e-12
1.138e-12
1.139e-12
1.14e-12
1.141e-12
1.142e-12
1.143e-12
1.144e-12
1.145e-12
1.146e-12
1.147e-12
1.148e-12
1.149e-12
1.15e-12
1.151e-12
1.152e-12
1.153e-12
1.154e-12
1.155e-12
1.156e-12
1.157e-12
1.158e-12
1.159e-12
1.16e-12
1.161e-12
1.162e-12
1.163e-12
1.164e-12
1.165e-12
1.166e-12
1.167e-12
1.168e-12
1.169e-12
1.17e-12
1.171e-12
1.172e-12
1.173e-12
1.174e-12
1.175e-12
1.176e-12
1.177e-12
1.178e-12
1.179e-12
1.18e-12
1.181e-12
1.182e-12
1.183e-12
1.184e-12
1.185e-12
1.186e-12
1.187e-12
1.188e-12
1.189e-12
1.19e-12
1.191e-12
1.192e-12
1.193e-12
1.194e-12
1.195e-12
1.196e-12
1.197e-12
1.198e-12
1.199e-12
1.2e-12
1.201e-12
1.202e-12
1.203e-12
1.204e-12
1.205e-12
1.206e-12
1.207e-12
1.208e-12
1.209e-12
1.21e-12
1.211e-12
1.212e-12
1.213e-12
1.214e-12
1.215e-12
1.216e-12
1.217e-12
1.218e-12
1.219e-12
1.22e-12
1.221e-12
1.222e-12
1.223e-12
1.224e-12
1.225e-12
1.226e-12
1.227e-12
1.228e-12
1.229e-12
1.23e-12
1.231e-12
1.232e-12
1.233e-12
1.234e-12
1.235e-12
1.236e-12
1.237e-12
1.238e-12
1.239e-12
1.24e-12
1.241e-12
1.242e-12
1.243e-12
1.244e-12
1.245e-12
1.246e-12
1.247e-12
1.248e-12
1.249e-12
1.25e-12
1.251e-12
1.252e-12
1.253e-12
1.254e-12
1.255e-12
1.256e-12
1.257e-12
1.258e-12
1.259e-12
1.26e-12
1.261e-12
1.262e-12
1.263e-12
1.264e-12
1.265e-12
1.266e-12
1.267e-12
1.268e-12
1.269e-12
1.27e-12
1.271e-12
1.272e-12
1.273e-12
1.274e-12
1.275e-12
1.276e-12
1.277e-12
1.278e-12
1.279e-12
1.28e-12
1.281e-12
1.282e-12
1.283e-12
1.284e-12
1.285e-12
1.286e-12
1.287e-12
1.288e-12
1.289e-12
1.29e-12
1.291e-12
1.292e-12
1.293e-12
1.294e-12
1.295e-12
1.296e-12
1.297e-12
1.298e-12
1.299e-12
1.3e-12
1.301e-12
1.302e-12
1.303e-12
1.304e-12
1.305e-12
1.306e-12
1.307e-12
1.308e-12
1.309e-12
1.31e-12
1.311e-12
1.312e-12
1.313e-12
1.314e-12
1.315e-12
1.316e-12
1.317e-12
1.318e-12
1.319e-12
1.32e-12
1.321e-12
1.322e-12
1.323e-12
1.324e-12
1.325e-12
1.326e-12
1.327e-12
1.328e-12
1.329e-12
1.33e-12
1.331e-12
1.332e-12
1.333e-12
1.334e-12
1.335e-12
1.336e-12
1.337e-12
1.338e-12
1.339e-12
1.34e-12
1.341e-12
1.342e-12
1.343e-12
1.344e-12
1.345e-12
1.346e-12
1.347e-12
1.348e-12
1.349e-12
1.35e-12
1.351e-12
1.352e-12
1.353e-12
1.354e-12
1.355e-12
1.356e-12
1.357e-12
1.358e-12
1.359e-12
1.36e-12
1.361e-12
1.362e-12
1.363e-12
1.364e-12
1.365e-12
1.366e-12
1.367e-12
1.368e-12
1.369e-12
1.37e-12
1.371e-12
1.372e-12
1.373e-12
1.374e-12
1.375e-12
1.376e-12
1.377e-12
1.378e-12
1.379e-12
1.38e-12
1.381e-12
1.382e-12
1.383e-12
1.384e-12
1.385e-12
1.386e-12
1.387e-12
1.388e-12
1.389e-12
1.39e-12
1.391e-12
1.392e-12
1.393e-12
1.394e-12
1.395e-12
1.396e-12
1.397e-12
1.398e-12
1.399e-12
1.4e-12
1.401e-12
1.402e-12
1.403e-12
1.404e-12
1.405e-12
1.406e-12
1.407e-12
1.408e-12
1.409e-12
1.41e-12
1.411e-12
1.412e-12
1.413e-12
1.414e-12
1.415e-12
1.416e-12
1.417e-12
1.418e-12
1.419e-12
1.42e-12
1.421e-12
1.422e-12
1.423e-12
1.424e-12
1.425e-12
1.426e-12
1.427e-12
1.428e-12
1.429e-12
1.43e-12
1.431e-12
1.432e-12
1.433e-12
1.434e-12
1.435e-12
1.436e-12
1.437e-12
1.438e-12
1.439e-12
1.44e-12
1.441e-12
1.442e-12
1.443e-12
1.444e-12
1.445e-12
1.446e-12
1.447e-12
1.448e-12
1.449e-12
1.45e-12
1.451e-12
1.452e-12
1.453e-12
1.454e-12
1.455e-12
1.456e-12
1.457e-12
1.458e-12
1.459e-12
1.46e-12
1.461e-12
1.462e-12
1.463e-12
1.464e-12
1.465e-12
1.466e-12
1.467e-12
1.468e-12
1.469e-12
1.47e-12
1.471e-12
1.472e-12
1.473e-12
1.474e-12
1.475e-12
1.476e-12
1.477e-12
1.478e-12
1.479e-12
1.48e-12
1.481e-12
1.482e-12
1.483e-12
1.484e-12
1.485e-12
1.486e-12
1.487e-12
1.488e-12
1.489e-12
1.49e-12
1.491e-12
1.492e-12
1.493e-12
1.494e-12
1.495e-12
1.496e-12
1.497e-12
1.498e-12
1.499e-12
1.5e-12
1.501e-12
1.502e-12
1.503e-12
1.504e-12
1.505e-12
1.506e-12
1.507e-12
1.508e-12
1.509e-12
1.51e-12
1.511e-12
1.512e-12
1.513e-12
1.514e-12
1.515e-12
1.516e-12
1.517e-12
1.518e-12
1.519e-12
1.52e-12
1.521e-12
1.522e-12
1.523e-12
1.524e-12
1.525e-12
1.526e-12
1.527e-12
1.528e-12
1.529e-12
1.53e-12
1.531e-12
1.532e-12
1.533e-12
1.534e-12
1.535e-12
1.536e-12
1.537e-12
1.538e-12
1.539e-12
1.54e-12
1.541e-12
1.542e-12
1.543e-12
1.544e-12
1.545e-12
1.546e-12
1.547e-12
1.548e-12
1.549e-12
1.55e-12
1.551e-12
1.552e-12
1.553e-12
1.554e-12
1.555e-12
1.556e-12
1.557e-12
1.558e-12
1.559e-12
1.56e-12
1.561e-12
1.562e-12
1.563e-12
1.564e-12
1.565e-12
1.566e-12
1.567e-12
1.568e-12
1.569e-12
1.57e-12
1.571e-12
1.572e-12
1.573e-12
1.574e-12
1.575e-12
1.576e-12
1.577e-12
1.578e-12
1.579e-12
1.58e-12
1.581e-12
1.582e-12
1.583e-12
1.584e-12
1.585e-12
1.586e-12
1.587e-12
1.588e-12
1.589e-12
1.59e-12
1.591e-12
1.592e-12
1.593e-12
1.594e-12
1.595e-12
1.596e-12
1.597e-12
1.598e-12
1.599e-12
1.6e-12
1.601e-12
1.602e-12
1.603e-12
1.604e-12
1.605e-12
1.606e-12
1.607e-12
1.608e-12
1.609e-12
1.61e-12
1.611e-12
1.612e-12
1.613e-12
1.614e-12
1.615e-12
1.616e-12
1.617e-12
1.618e-12
1.619e-12
1.62e-12
1.621e-12
1.622e-12
1.623e-12
1.624e-12
1.625e-12
1.626e-12
1.627e-12
1.628e-12
1.629e-12
1.63e-12
1.631e-12
1.632e-12
1.633e-12
1.634e-12
1.635e-12
1.636e-12
1.637e-12
1.638e-12
1.639e-12
1.64e-12
1.641e-12
1.642e-12
1.643e-12
1.644e-12
1.645e-12
1.646e-12
1.647e-12
1.648e-12
1.649e-12
1.65e-12
1.651e-12
1.652e-12
1.653e-12
1.654e-12
1.655e-12
1.656e-12
1.657e-12
1.658e-12
1.659e-12
1.66e-12
1.661e-12
1.662e-12
1.663e-12
1.664e-12
1.665e-12
1.666e-12
1.667e-12
1.668e-12
1.669e-12
1.67e-12
1.671e-12
1.672e-12
1.673e-12
1.674e-12
1.675e-12
1.676e-12
1.677e-12
1.678e-12
1.679e-12
1.68e-12
1.681e-12
1.682e-12
1.683e-12
1.684e-12
1.685e-12
1.686e-12
1.687e-12
1.688e-12
1.689e-12
1.69e-12
1.691e-12
1.692e-12
1.693e-12
1.694e-12
1.695e-12
1.696e-12
1.697e-12
1.698e-12
1.699e-12
1.7e-12
1.701e-12
1.702e-12
1.703e-12
1.704e-12
1.705e-12
1.706e-12
1.707e-12
1.708e-12
1.709e-12
1.71e-12
1.711e-12
1.712e-12
1.713e-12
1.714e-12
1.715e-12
1.716e-12
1.717e-12
1.718e-12
1.719e-12
1.72e-12
1.721e-12
1.722e-12
1.723e-12
1.724e-12
1.725e-12
1.726e-12
1.727e-12
1.728e-12
1.729e-12
1.73e-12
1.731e-12
1.732e-12
1.733e-12
1.734e-12
1.735e-12
1.736e-12
1.737e-12
1.738e-12
1.739e-12
1.74e-12
1.741e-12
1.742e-12
1.743e-12
1.744e-12
1.745e-12
1.746e-12
1.747e-12
1.748e-12
1.749e-12
1.75e-12
1.751e-12
1.752e-12
1.753e-12
1.754e-12
1.755e-12
1.756e-12
1.757e-12
1.758e-12
1.759e-12
1.76e-12
1.761e-12
1.762e-12
1.763e-12
1.764e-12
1.765e-12
1.766e-12
1.767e-12
1.768e-12
1.769e-12
1.77e-12
1.771e-12
1.772e-12
1.773e-12
1.774e-12
1.775e-12
1.776e-12
1.777e-12
1.778e-12
1.779e-12
1.78e-12
1.781e-12
1.782e-12
1.783e-12
1.784e-12
1.785e-12
1.786e-12
1.787e-12
1.788e-12
1.789e-12
1.79e-12
1.791e-12
1.792e-12
1.793e-12
1.794e-12
1.795e-12
1.796e-12
1.797e-12
1.798e-12
1.799e-12
1.8e-12
1.801e-12
1.802e-12
1.803e-12
1.804e-12
1.805e-12
1.806e-12
1.807e-12
1.808e-12
1.809e-12
1.81e-12
1.811e-12
1.812e-12
1.813e-12
1.814e-12
1.815e-12
1.816e-12
1.817e-12
1.818e-12
1.819e-12
1.82e-12
1.821e-12
1.822e-12
1.823e-12
1.824e-12
1.825e-12
1.826e-12
1.827e-12
1.828e-12
1.829e-12
1.83e-12
1.831e-12
1.832e-12
1.833e-12
1.834e-12
1.835e-12
1.836e-12
1.837e-12
1.838e-12
1.839e-12
1.84e-12
1.841e-12
1.842e-12
1.843e-12
1.844e-12
1.845e-12
1.846e-12
1.847e-12
1.848e-12
1.849e-12
1.85e-12
1.851e-12
1.852e-12
1.853e-12
1.854e-12
1.855e-12
1.856e-12
1.857e-12
1.858e-12
1.859e-12
1.86e-12
1.861e-12
1.862e-12
1.863e-12
1.864e-12
1.865e-12
1.866e-12
1.867e-12
1.868e-12
1.869e-12
1.87e-12
1.871e-12
1.872e-12
1.873e-12
1.874e-12
1.875e-12
1.876e-12
1.877e-12
1.878e-12
1.879e-12
1.88e-12
1.881e-12
1.882e-12
1.883e-12
1.884e-12
1.885e-12
1.886e-12
1.887e-12
1.888e-12
1.889e-12
1.89e-12
1.891e-12
1.892e-12
1.893e-12
1.894e-12
1.895e-12
1.896e-12
1.897e-12
1.898e-12
1.899e-12
1.9e-12
1.901e-12
1.902e-12
1.903e-12
1.904e-12
1.905e-12
1.906e-12
1.907e-12
1.908e-12
1.909e-12
1.91e-12
1.911e-12
1.912e-12
1.913e-12
1.914e-12
1.915e-12
1.916e-12
1.917e-12
1.918e-12
1.919e-12
1.92e-12
1.921e-12
1.922e-12
1.923e-12
1.924e-12
1.925e-12
1.926e-12
1.927e-12
1.928e-12
1.929e-12
1.93e-12
1.931e-12
1.932e-12
1.933e-12
1.934e-12
1.935e-12
1.936e-12
1.937e-12
1.938e-12
1.939e-12
1.94e-12
1.941e-12
1.942e-12
1.943e-12
1.944e-12
1.945e-12
1.946e-12
1.947e-12
1.948e-12
1.949e-12
1.95e-12
1.951e-12
1.952e-12
1.953e-12
1.954e-12
1.955e-12
1.956e-12
1.957e-12
1.958e-12
1.959e-12
1.96e-12
1.961e-12
1.962e-12
1.963e-12
1.964e-12
1.965e-12
1.966e-12
1.967e-12
1.968e-12
1.969e-12
1.97e-12
1.971e-12
1.972e-12
1.973e-12
1.974e-12
1.975e-12
1.976e-12
1.977e-12
1.978e-12
1.979e-12
1.98e-12
1.981e-12
1.982e-12
1.983e-12
1.984e-12
1.985e-12
1.986e-12
1.987e-12
1.988e-12
1.989e-12
1.99e-12
1.991e-12
1.992e-12
1.993e-12
1.994e-12
1.995e-12
1.996e-12
1.997e-12
1.998e-12
1.999e-12
